,neuroid_id,region,pc,eigenvalues,layer,split,value,arr,col,hemisphere,subregion,animal,y,x,row
0,1,V1,0,0.00031174530001703654,layer1.0,0,0.048898469453243644,,,,,,,,
1,2,V1,1,0.00027030416773481006,layer1.0,0,0.48536407855761066,,,,,,,,
2,3,V1,2,0.00013926142975787003,layer1.0,0,0.22532056921447924,,,,,,,,
3,5,V1,3,7.564566558119163e-05,layer1.0,0,0.8359932891643859,,,,,,,,
4,7,V1,4,6.155574233089995e-05,layer1.0,0,0.44008620157796474,,,,,,,,
5,1,V1,0,0.00031174530001703654,layer1.0,1,0.8385365857659108,,,,,,,,
6,2,V1,1,0.00027030416773481006,layer1.0,1,0.7046546623574541,,,,,,,,
7,3,V1,2,0.00013926142975787003,layer1.0,1,0.2378387300796057,,,,,,,,
8,5,V1,3,7.564566558119163e-05,layer1.0,1,0.26476737593089644,,,,,,,,
9,7,V1,4,6.155574233089995e-05,layer1.0,1,0.2573143494540078,,,,,,,,
10,1,V1,0,0.00031174530001703654,layer1.0,2,0.476009957972671,,,,,,,,
11,2,V1,1,0.00027030416773481006,layer1.0,2,0.8607988549814414,,,,,,,,
12,3,V1,2,0.00013926142975787003,layer1.0,2,0.3992612515379533,,,,,,,,
13,5,V1,3,7.564566558119163e-05,layer1.0,2,0.2953919987027501,,,,,,,,
14,7,V1,4,6.155574233089995e-05,layer1.0,2,0.43033358025090257,,,,,,,,
15,1,V1,0,0.00031174530001703654,layer1.0,3,0.6012306863404991,,,,,,,,
16,2,V1,1,0.00027030416773481006,layer1.0,3,0.633884654100173,,,,,,,,
17,3,V1,2,0.00013926142975787003,layer1.0,3,0.4728496054268285,,,,,,,,
18,5,V1,3,7.564566558119163e-05,layer1.0,3,0.7975937506038704,,,,,,,,
19,7,V1,4,6.155574233089995e-05,layer1.0,3,0.4503719451765048,,,,,,,,
20,1,V1,0,0.00031174530001703654,layer1.0,4,0.7803938902478595,,,,,,,,
21,2,V1,1,0.00027030416773481006,layer1.0,4,0.5660235128386136,,,,,,,,
22,3,V1,2,0.00013926142975787003,layer1.0,4,0.5656516956946264,,,,,,,,
23,5,V1,3,7.564566558119163e-05,layer1.0,4,-0.08902257139924502,,,,,,,,
24,7,V1,4,6.155574233089995e-05,layer1.0,4,0.14604213692826246,,,,,,,,
25,1,V1,0,0.00031174530001703654,layer1.0,5,0.7869498675324427,,,,,,,,
26,2,V1,1,0.00027030416773481006,layer1.0,5,0.29138420830741274,,,,,,,,
27,3,V1,2,0.00013926142975787003,layer1.0,5,0.6127240692137295,,,,,,,,
28,5,V1,3,7.564566558119163e-05,layer1.0,5,0.403031168246251,,,,,,,,
29,7,V1,4,6.155574233089995e-05,layer1.0,5,0.4081014557358958,,,,,,,,
30,1,V1,0,0.00031174530001703654,layer1.0,6,0.666135878806261,,,,,,,,
31,2,V1,1,0.00027030416773481006,layer1.0,6,0.4927443086709859,,,,,,,,
32,3,V1,2,0.00013926142975787003,layer1.0,6,0.4695118149881913,,,,,,,,
33,5,V1,3,7.564566558119163e-05,layer1.0,6,0.6399051021807589,,,,,,,,
34,7,V1,4,6.155574233089995e-05,layer1.0,6,0.5792240944264363,,,,,,,,
35,1,V1,0,0.00031174530001703654,layer1.0,7,0.7459789672644142,,,,,,,,
36,2,V1,1,0.00027030416773481006,layer1.0,7,0.5112232929166854,,,,,,,,
37,3,V1,2,0.00013926142975787003,layer1.0,7,0.1628298262613955,,,,,,,,
38,5,V1,3,7.564566558119163e-05,layer1.0,7,0.5518924604156393,,,,,,,,
39,7,V1,4,6.155574233089995e-05,layer1.0,7,0.569814691510205,,,,,,,,
40,1,V1,0,0.00031174530001703654,layer1.0,8,0.36184748387154525,,,,,,,,
41,2,V1,1,0.00027030416773481006,layer1.0,8,0.7103621195288929,,,,,,,,
42,3,V1,2,0.00013926142975787003,layer1.0,8,0.7615990500025746,,,,,,,,
43,5,V1,3,7.564566558119163e-05,layer1.0,8,0.2918225862208307,,,,,,,,
44,7,V1,4,6.155574233089995e-05,layer1.0,8,0.23301067317285734,,,,,,,,
45,1,V1,0,0.00031174530001703654,layer1.0,9,0.5461348597364826,,,,,,,,
46,2,V1,1,0.00027030416773481006,layer1.0,9,0.8113721897050549,,,,,,,,
47,3,V1,2,0.00013926142975787003,layer1.0,9,0.3528566075690076,,,,,,,,
48,5,V1,3,7.564566558119163e-05,layer1.0,9,0.33579763603298607,,,,,,,,
49,7,V1,4,6.155574233089995e-05,layer1.0,9,0.36448195762532,,,,,,,,
50,1,V1,0,0.00031174530001703654,layer2.0,0,0.06621385428623547,,,,,,,,
51,2,V1,1,0.00027030416773481006,layer2.0,0,0.5157590068689161,,,,,,,,
52,3,V1,2,0.00013926142975787003,layer2.0,0,0.30962033266470473,,,,,,,,
53,5,V1,3,7.564566558119163e-05,layer2.0,0,0.7665403437068947,,,,,,,,
54,7,V1,4,6.155574233089995e-05,layer2.0,0,0.564508395177746,,,,,,,,
55,1,V1,0,0.00031174530001703654,layer2.0,1,0.7938347795799754,,,,,,,,
56,2,V1,1,0.00027030416773481006,layer2.0,1,0.7759338293035625,,,,,,,,
57,3,V1,2,0.00013926142975787003,layer2.0,1,0.34232110059258225,,,,,,,,
58,5,V1,3,7.564566558119163e-05,layer2.0,1,0.05720263974306612,,,,,,,,
59,7,V1,4,6.155574233089995e-05,layer2.0,1,0.35558432253657135,,,,,,,,
60,1,V1,0,0.00031174530001703654,layer2.0,2,0.5802044559448105,,,,,,,,
61,2,V1,1,0.00027030416773481006,layer2.0,2,0.9229477060887559,,,,,,,,
62,3,V1,2,0.00013926142975787003,layer2.0,2,0.3727442766014921,,,,,,,,
63,5,V1,3,7.564566558119163e-05,layer2.0,2,0.30863089087919393,,,,,,,,
64,7,V1,4,6.155574233089995e-05,layer2.0,2,0.5194884210162467,,,,,,,,
65,1,V1,0,0.00031174530001703654,layer2.0,3,0.4456776092805298,,,,,,,,
66,2,V1,1,0.00027030416773481006,layer2.0,3,0.5453014613208946,,,,,,,,
67,3,V1,2,0.00013926142975787003,layer2.0,3,0.531557628139326,,,,,,,,
68,5,V1,3,7.564566558119163e-05,layer2.0,3,0.808277922626578,,,,,,,,
69,7,V1,4,6.155574233089995e-05,layer2.0,3,0.4530833526359669,,,,,,,,
70,1,V1,0,0.00031174530001703654,layer2.0,4,0.8519271485612364,,,,,,,,
71,2,V1,1,0.00027030416773481006,layer2.0,4,0.7460789519361457,,,,,,,,
72,3,V1,2,0.00013926142975787003,layer2.0,4,0.547888591036714,,,,,,,,
73,5,V1,3,7.564566558119163e-05,layer2.0,4,0.06947475056466056,,,,,,,,
74,7,V1,4,6.155574233089995e-05,layer2.0,4,0.2739934266031448,,,,,,,,
75,1,V1,0,0.00031174530001703654,layer2.0,5,0.7676278005753374,,,,,,,,
76,2,V1,1,0.00027030416773481006,layer2.0,5,0.6068951146191367,,,,,,,,
77,3,V1,2,0.00013926142975787003,layer2.0,5,0.6788346597781354,,,,,,,,
78,5,V1,3,7.564566558119163e-05,layer2.0,5,0.4378136543445325,,,,,,,,
79,7,V1,4,6.155574233089995e-05,layer2.0,5,0.480649754864179,,,,,,,,
80,1,V1,0,0.00031174530001703654,layer2.0,6,0.7443129632744327,,,,,,,,
81,2,V1,1,0.00027030416773481006,layer2.0,6,0.4084425878103586,,,,,,,,
82,3,V1,2,0.00013926142975787003,layer2.0,6,0.5048626754645131,,,,,,,,
83,5,V1,3,7.564566558119163e-05,layer2.0,6,0.5754310083130914,,,,,,,,
84,7,V1,4,6.155574233089995e-05,layer2.0,6,0.7311826192756119,,,,,,,,
85,1,V1,0,0.00031174530001703654,layer2.0,7,0.6076910994773563,,,,,,,,
86,2,V1,1,0.00027030416773481006,layer2.0,7,0.5429244655306869,,,,,,,,
87,3,V1,2,0.00013926142975787003,layer2.0,7,-0.03173740077749565,,,,,,,,
88,5,V1,3,7.564566558119163e-05,layer2.0,7,0.4914569869528041,,,,,,,,
89,7,V1,4,6.155574233089995e-05,layer2.0,7,0.6807402672081933,,,,,,,,
90,1,V1,0,0.00031174530001703654,layer2.0,8,0.4628325244050142,,,,,,,,
91,2,V1,1,0.00027030416773481006,layer2.0,8,0.77579287279477,,,,,,,,
92,3,V1,2,0.00013926142975787003,layer2.0,8,0.6679584041661368,,,,,,,,
93,5,V1,3,7.564566558119163e-05,layer2.0,8,0.33467531668621714,,,,,,,,
94,7,V1,4,6.155574233089995e-05,layer2.0,8,0.22561511934345,,,,,,,,
95,1,V1,0,0.00031174530001703654,layer2.0,9,0.5715785444286181,,,,,,,,
96,2,V1,1,0.00027030416773481006,layer2.0,9,0.8111752840428749,,,,,,,,
97,3,V1,2,0.00013926142975787003,layer2.0,9,0.3898149668658687,,,,,,,,
98,5,V1,3,7.564566558119163e-05,layer2.0,9,0.518041318708529,,,,,,,,
99,7,V1,4,6.155574233089995e-05,layer2.0,9,0.5102319158607921,,,,,,,,
100,1,V1,0,0.00031174530001703654,layer3.0,0,0.37292116242123896,,,,,,,,
101,2,V1,1,0.00027030416773481006,layer3.0,0,0.5803032249499365,,,,,,,,
102,3,V1,2,0.00013926142975787003,layer3.0,0,0.5060551670759287,,,,,,,,
103,5,V1,3,7.564566558119163e-05,layer3.0,0,0.6064272732375467,,,,,,,,
104,7,V1,4,6.155574233089995e-05,layer3.0,0,0.7324084086596513,,,,,,,,
105,1,V1,0,0.00031174530001703654,layer3.0,1,0.7595260955131111,,,,,,,,
106,2,V1,1,0.00027030416773481006,layer3.0,1,0.7517280561234514,,,,,,,,
107,3,V1,2,0.00013926142975787003,layer3.0,1,0.4737425648439816,,,,,,,,
108,5,V1,3,7.564566558119163e-05,layer3.0,1,0.29929633024728114,,,,,,,,
109,7,V1,4,6.155574233089995e-05,layer3.0,1,0.4217370483503653,,,,,,,,
110,1,V1,0,0.00031174530001703654,layer3.0,2,0.6929005021763439,,,,,,,,
111,2,V1,1,0.00027030416773481006,layer3.0,2,0.915717813000942,,,,,,,,
112,3,V1,2,0.00013926142975787003,layer3.0,2,0.4246781901327772,,,,,,,,
113,5,V1,3,7.564566558119163e-05,layer3.0,2,0.38636914083858903,,,,,,,,
114,7,V1,4,6.155574233089995e-05,layer3.0,2,0.5853405134901585,,,,,,,,
115,1,V1,0,0.00031174530001703654,layer3.0,3,0.5996487270679778,,,,,,,,
116,2,V1,1,0.00027030416773481006,layer3.0,3,0.570184447384384,,,,,,,,
117,3,V1,2,0.00013926142975787003,layer3.0,3,0.4734690424855302,,,,,,,,
118,5,V1,3,7.564566558119163e-05,layer3.0,3,0.673412228784906,,,,,,,,
119,7,V1,4,6.155574233089995e-05,layer3.0,3,0.49124885176120286,,,,,,,,
120,1,V1,0,0.00031174530001703654,layer3.0,4,0.8513017642183132,,,,,,,,
121,2,V1,1,0.00027030416773481006,layer3.0,4,0.8784575448644134,,,,,,,,
122,3,V1,2,0.00013926142975787003,layer3.0,4,0.7809842239319411,,,,,,,,
123,5,V1,3,7.564566558119163e-05,layer3.0,4,0.49025246928977007,,,,,,,,
124,7,V1,4,6.155574233089995e-05,layer3.0,4,0.30416809529089506,,,,,,,,
125,1,V1,0,0.00031174530001703654,layer3.0,5,0.8392708397451221,,,,,,,,
126,2,V1,1,0.00027030416773481006,layer3.0,5,0.7322769083562097,,,,,,,,
127,3,V1,2,0.00013926142975787003,layer3.0,5,0.5883613536690218,,,,,,,,
128,5,V1,3,7.564566558119163e-05,layer3.0,5,0.6600265410978376,,,,,,,,
129,7,V1,4,6.155574233089995e-05,layer3.0,5,0.6817758158865905,,,,,,,,
130,1,V1,0,0.00031174530001703654,layer3.0,6,0.8119444040395967,,,,,,,,
131,2,V1,1,0.00027030416773481006,layer3.0,6,0.5147685841941205,,,,,,,,
132,3,V1,2,0.00013926142975787003,layer3.0,6,0.375897298421068,,,,,,,,
133,5,V1,3,7.564566558119163e-05,layer3.0,6,0.5256542544922791,,,,,,,,
134,7,V1,4,6.155574233089995e-05,layer3.0,6,0.825062193659652,,,,,,,,
135,1,V1,0,0.00031174530001703654,layer3.0,7,0.8048330402847907,,,,,,,,
136,2,V1,1,0.00027030416773481006,layer3.0,7,0.5715122658046687,,,,,,,,
137,3,V1,2,0.00013926142975787003,layer3.0,7,0.15538629004421958,,,,,,,,
138,5,V1,3,7.564566558119163e-05,layer3.0,7,0.4915466907157457,,,,,,,,
139,7,V1,4,6.155574233089995e-05,layer3.0,7,0.6516174433070249,,,,,,,,
140,1,V1,0,0.00031174530001703654,layer3.0,8,0.6144714848014593,,,,,,,,
141,2,V1,1,0.00027030416773481006,layer3.0,8,0.8895539244283911,,,,,,,,
142,3,V1,2,0.00013926142975787003,layer3.0,8,0.6223249827590236,,,,,,,,
143,5,V1,3,7.564566558119163e-05,layer3.0,8,0.19433222175384562,,,,,,,,
144,7,V1,4,6.155574233089995e-05,layer3.0,8,0.30413925127625313,,,,,,,,
145,1,V1,0,0.00031174530001703654,layer3.0,9,0.6692124095099988,,,,,,,,
146,2,V1,1,0.00027030416773481006,layer3.0,9,0.838120402456835,,,,,,,,
147,3,V1,2,0.00013926142975787003,layer3.0,9,0.3069362576133624,,,,,,,,
148,5,V1,3,7.564566558119163e-05,layer3.0,9,0.5723315748223881,,,,,,,,
149,7,V1,4,6.155574233089995e-05,layer3.0,9,0.5417153062532987,,,,,,,,
150,1,V1,0,0.00031174530001703654,layer4.0,0,0.2787771170022084,,,,,,,,
151,2,V1,1,0.00027030416773481006,layer4.0,0,0.6357268064931763,,,,,,,,
152,3,V1,2,0.00013926142975787003,layer4.0,0,0.5099463575817884,,,,,,,,
153,5,V1,3,7.564566558119163e-05,layer4.0,0,0.4754980865710197,,,,,,,,
154,7,V1,4,6.155574233089995e-05,layer4.0,0,0.6433218980572131,,,,,,,,
155,1,V1,0,0.00031174530001703654,layer4.0,1,0.7576232111397911,,,,,,,,
156,2,V1,1,0.00027030416773481006,layer4.0,1,0.7481669955292813,,,,,,,,
157,3,V1,2,0.00013926142975787003,layer4.0,1,0.4425320100081973,,,,,,,,
158,5,V1,3,7.564566558119163e-05,layer4.0,1,0.33931233863758653,,,,,,,,
159,7,V1,4,6.155574233089995e-05,layer4.0,1,0.4062359406064725,,,,,,,,
160,1,V1,0,0.00031174530001703654,layer4.0,2,0.6841041142552495,,,,,,,,
161,2,V1,1,0.00027030416773481006,layer4.0,2,0.8741890553873453,,,,,,,,
162,3,V1,2,0.00013926142975787003,layer4.0,2,0.407459948321232,,,,,,,,
163,5,V1,3,7.564566558119163e-05,layer4.0,2,0.4596531922854215,,,,,,,,
164,7,V1,4,6.155574233089995e-05,layer4.0,2,0.5877360300307422,,,,,,,,
165,1,V1,0,0.00031174530001703654,layer4.0,3,0.5970378835969347,,,,,,,,
166,2,V1,1,0.00027030416773481006,layer4.0,3,0.6442952771222636,,,,,,,,
167,3,V1,2,0.00013926142975787003,layer4.0,3,0.36817406735883856,,,,,,,,
168,5,V1,3,7.564566558119163e-05,layer4.0,3,0.4579268235519668,,,,,,,,
169,7,V1,4,6.155574233089995e-05,layer4.0,3,0.5482950667764618,,,,,,,,
170,1,V1,0,0.00031174530001703654,layer4.0,4,0.7864415374999233,,,,,,,,
171,2,V1,1,0.00027030416773481006,layer4.0,4,0.7915096537840123,,,,,,,,
172,3,V1,2,0.00013926142975787003,layer4.0,4,0.293323183621358,,,,,,,,
173,5,V1,3,7.564566558119163e-05,layer4.0,4,0.2841522761675984,,,,,,,,
174,7,V1,4,6.155574233089995e-05,layer4.0,4,0.41243415989370324,,,,,,,,
175,1,V1,0,0.00031174530001703654,layer4.0,5,0.8992482886554993,,,,,,,,
176,2,V1,1,0.00027030416773481006,layer4.0,5,0.8745851385367595,,,,,,,,
177,3,V1,2,0.00013926142975787003,layer4.0,5,0.3859966506728984,,,,,,,,
178,5,V1,3,7.564566558119163e-05,layer4.0,5,0.4747893386040497,,,,,,,,
179,7,V1,4,6.155574233089995e-05,layer4.0,5,0.8445767984441499,,,,,,,,
180,1,V1,0,0.00031174530001703654,layer4.0,6,0.7829223671152226,,,,,,,,
181,2,V1,1,0.00027030416773481006,layer4.0,6,0.6407499942023067,,,,,,,,
182,3,V1,2,0.00013926142975787003,layer4.0,6,0.4423931232610251,,,,,,,,
183,5,V1,3,7.564566558119163e-05,layer4.0,6,0.07083905191953337,,,,,,,,
184,7,V1,4,6.155574233089995e-05,layer4.0,6,0.807122560277082,,,,,,,,
185,1,V1,0,0.00031174530001703654,layer4.0,7,0.7939981921801813,,,,,,,,
186,2,V1,1,0.00027030416773481006,layer4.0,7,0.5211101126903748,,,,,,,,
187,3,V1,2,0.00013926142975787003,layer4.0,7,0.06987944683152837,,,,,,,,
188,5,V1,3,7.564566558119163e-05,layer4.0,7,0.24488320026414442,,,,,,,,
189,7,V1,4,6.155574233089995e-05,layer4.0,7,0.793935463210509,,,,,,,,
190,1,V1,0,0.00031174530001703654,layer4.0,8,0.4592736949284483,,,,,,,,
191,2,V1,1,0.00027030416773481006,layer4.0,8,0.882175181306766,,,,,,,,
192,3,V1,2,0.00013926142975787003,layer4.0,8,0.40753434161896346,,,,,,,,
193,5,V1,3,7.564566558119163e-05,layer4.0,8,0.3444778558824229,,,,,,,,
194,7,V1,4,6.155574233089995e-05,layer4.0,8,0.5873310849276298,,,,,,,,
195,1,V1,0,0.00031174530001703654,layer4.0,9,0.725860997285375,,,,,,,,
196,2,V1,1,0.00027030416773481006,layer4.0,9,0.6670570076612757,,,,,,,,
197,3,V1,2,0.00013926142975787003,layer4.0,9,0.0070983440752843685,,,,,,,,
198,5,V1,3,7.564566558119163e-05,layer4.0,9,0.5473928399646626,,,,,,,,
199,7,V1,4,6.155574233089995e-05,layer4.0,9,0.44116730345278526,,,,,,,,
200,103,V2,0,0.00020355729990333406,layer1.0,0,0.8258472490722937,,,,,,,,
201,104,V2,1,0.00011476486142505106,layer1.0,0,0.6166977601439043,,,,,,,,
202,105,V2,2,6.567802989816397e-05,layer1.0,0,0.2520164408803338,,,,,,,,
203,103,V2,0,0.00020355729990333406,layer1.0,1,0.9041587653343266,,,,,,,,
204,104,V2,1,0.00011476486142505106,layer1.0,1,0.66226449722199,,,,,,,,
205,105,V2,2,6.567802989816397e-05,layer1.0,1,0.39607834544636406,,,,,,,,
206,103,V2,0,0.00020355729990333406,layer1.0,2,0.8310859167171887,,,,,,,,
207,104,V2,1,0.00011476486142505106,layer1.0,2,0.7718717660254157,,,,,,,,
208,105,V2,2,6.567802989816397e-05,layer1.0,2,0.7304189365203266,,,,,,,,
209,103,V2,0,0.00020355729990333406,layer1.0,3,0.6826155296211206,,,,,,,,
210,104,V2,1,0.00011476486142505106,layer1.0,3,0.7860088964660887,,,,,,,,
211,105,V2,2,6.567802989816397e-05,layer1.0,3,0.19974587215224868,,,,,,,,
212,103,V2,0,0.00020355729990333406,layer1.0,4,0.822204556402341,,,,,,,,
213,104,V2,1,0.00011476486142505106,layer1.0,4,0.7174268644645984,,,,,,,,
214,105,V2,2,6.567802989816397e-05,layer1.0,4,0.3325422613537315,,,,,,,,
215,103,V2,0,0.00020355729990333406,layer1.0,5,0.8469119647416281,,,,,,,,
216,104,V2,1,0.00011476486142505106,layer1.0,5,0.6143871947265538,,,,,,,,
217,105,V2,2,6.567802989816397e-05,layer1.0,5,0.42734383500076634,,,,,,,,
218,103,V2,0,0.00020355729990333406,layer1.0,6,0.8268963604950412,,,,,,,,
219,104,V2,1,0.00011476486142505106,layer1.0,6,0.46854593623258367,,,,,,,,
220,105,V2,2,6.567802989816397e-05,layer1.0,6,0.12402347389191426,,,,,,,,
221,103,V2,0,0.00020355729990333406,layer1.0,7,0.9186538682990233,,,,,,,,
222,104,V2,1,0.00011476486142505106,layer1.0,7,0.4508827346934584,,,,,,,,
223,105,V2,2,6.567802989816397e-05,layer1.0,7,0.3995231270174183,,,,,,,,
224,103,V2,0,0.00020355729990333406,layer1.0,8,0.7683991599934338,,,,,,,,
225,104,V2,1,0.00011476486142505106,layer1.0,8,0.7645249037807692,,,,,,,,
226,105,V2,2,6.567802989816397e-05,layer1.0,8,0.5476643888030038,,,,,,,,
227,103,V2,0,0.00020355729990333406,layer1.0,9,0.9421556620776802,,,,,,,,
228,104,V2,1,0.00011476486142505106,layer1.0,9,0.45081350081420524,,,,,,,,
229,105,V2,2,6.567802989816397e-05,layer1.0,9,0.4680106783029718,,,,,,,,
230,103,V2,0,0.00020355729990333406,layer2.0,0,0.8268451140059916,,,,,,,,
231,104,V2,1,0.00011476486142505106,layer2.0,0,0.6848195083308337,,,,,,,,
232,105,V2,2,6.567802989816397e-05,layer2.0,0,0.37439756320919415,,,,,,,,
233,103,V2,0,0.00020355729990333406,layer2.0,1,0.9052844228846819,,,,,,,,
234,104,V2,1,0.00011476486142505106,layer2.0,1,0.7994891199253267,,,,,,,,
235,105,V2,2,6.567802989816397e-05,layer2.0,1,0.4974154688379015,,,,,,,,
236,103,V2,0,0.00020355729990333406,layer2.0,2,0.8746831413153198,,,,,,,,
237,104,V2,1,0.00011476486142505106,layer2.0,2,0.8653327624172448,,,,,,,,
238,105,V2,2,6.567802989816397e-05,layer2.0,2,0.7747563436796012,,,,,,,,
239,103,V2,0,0.00020355729990333406,layer2.0,3,0.6008691027454149,,,,,,,,
240,104,V2,1,0.00011476486142505106,layer2.0,3,0.8331643595189945,,,,,,,,
241,105,V2,2,6.567802989816397e-05,layer2.0,3,0.15391469632771487,,,,,,,,
242,103,V2,0,0.00020355729990333406,layer2.0,4,0.8165219775698258,,,,,,,,
243,104,V2,1,0.00011476486142505106,layer2.0,4,0.6174805367472234,,,,,,,,
244,105,V2,2,6.567802989816397e-05,layer2.0,4,0.5102003240388615,,,,,,,,
245,103,V2,0,0.00020355729990333406,layer2.0,5,0.8323850275012438,,,,,,,,
246,104,V2,1,0.00011476486142505106,layer2.0,5,0.6845350605692958,,,,,,,,
247,105,V2,2,6.567802989816397e-05,layer2.0,5,0.4692948256504007,,,,,,,,
248,103,V2,0,0.00020355729990333406,layer2.0,6,0.8280534710969247,,,,,,,,
249,104,V2,1,0.00011476486142505106,layer2.0,6,0.5992999290251377,,,,,,,,
250,105,V2,2,6.567802989816397e-05,layer2.0,6,0.21833751016789457,,,,,,,,
251,103,V2,0,0.00020355729990333406,layer2.0,7,0.9166057375707997,,,,,,,,
252,104,V2,1,0.00011476486142505106,layer2.0,7,0.4035562824471703,,,,,,,,
253,105,V2,2,6.567802989816397e-05,layer2.0,7,0.4930821909622497,,,,,,,,
254,103,V2,0,0.00020355729990333406,layer2.0,8,0.6974364214773698,,,,,,,,
255,104,V2,1,0.00011476486142505106,layer2.0,8,0.7488241321652455,,,,,,,,
256,105,V2,2,6.567802989816397e-05,layer2.0,8,0.635597078856933,,,,,,,,
257,103,V2,0,0.00020355729990333406,layer2.0,9,0.879566942007233,,,,,,,,
258,104,V2,1,0.00011476486142505106,layer2.0,9,0.5966326852729316,,,,,,,,
259,105,V2,2,6.567802989816397e-05,layer2.0,9,0.36230753679800726,,,,,,,,
260,103,V2,0,0.00020355729990333406,layer3.0,0,0.8694483674165401,,,,,,,,
261,104,V2,1,0.00011476486142505106,layer3.0,0,0.7106824281217926,,,,,,,,
262,105,V2,2,6.567802989816397e-05,layer3.0,0,0.2317253923076507,,,,,,,,
263,103,V2,0,0.00020355729990333406,layer3.0,1,0.9054858804870443,,,,,,,,
264,104,V2,1,0.00011476486142505106,layer3.0,1,0.91326739390861,,,,,,,,
265,105,V2,2,6.567802989816397e-05,layer3.0,1,0.5125979465423828,,,,,,,,
266,103,V2,0,0.00020355729990333406,layer3.0,2,0.8974438903448106,,,,,,,,
267,104,V2,1,0.00011476486142505106,layer3.0,2,0.859193369194781,,,,,,,,
268,105,V2,2,6.567802989816397e-05,layer3.0,2,0.6938420833809431,,,,,,,,
269,103,V2,0,0.00020355729990333406,layer3.0,3,0.7378280813578426,,,,,,,,
270,104,V2,1,0.00011476486142505106,layer3.0,3,0.8629940568746989,,,,,,,,
271,105,V2,2,6.567802989816397e-05,layer3.0,3,0.20532532053279476,,,,,,,,
272,103,V2,0,0.00020355729990333406,layer3.0,4,0.8601860821092854,,,,,,,,
273,104,V2,1,0.00011476486142505106,layer3.0,4,0.693134448675617,,,,,,,,
274,105,V2,2,6.567802989816397e-05,layer3.0,4,0.6426685061140773,,,,,,,,
275,103,V2,0,0.00020355729990333406,layer3.0,5,0.8657181967939255,,,,,,,,
276,104,V2,1,0.00011476486142505106,layer3.0,5,0.7537246773870047,,,,,,,,
277,105,V2,2,6.567802989816397e-05,layer3.0,5,0.405009609386007,,,,,,,,
278,103,V2,0,0.00020355729990333406,layer3.0,6,0.8373793177360283,,,,,,,,
279,104,V2,1,0.00011476486142505106,layer3.0,6,0.673593820694607,,,,,,,,
280,105,V2,2,6.567802989816397e-05,layer3.0,6,0.22395008691841412,,,,,,,,
281,103,V2,0,0.00020355729990333406,layer3.0,7,0.8954255904729477,,,,,,,,
282,104,V2,1,0.00011476486142505106,layer3.0,7,0.6037424718684017,,,,,,,,
283,105,V2,2,6.567802989816397e-05,layer3.0,7,0.4861989253544818,,,,,,,,
284,103,V2,0,0.00020355729990333406,layer3.0,8,0.7740997755583303,,,,,,,,
285,104,V2,1,0.00011476486142505106,layer3.0,8,0.7832964498460318,,,,,,,,
286,105,V2,2,6.567802989816397e-05,layer3.0,8,0.629899031190938,,,,,,,,
287,103,V2,0,0.00020355729990333406,layer3.0,9,0.8961039059854253,,,,,,,,
288,104,V2,1,0.00011476486142505106,layer3.0,9,0.7965074123711942,,,,,,,,
289,105,V2,2,6.567802989816397e-05,layer3.0,9,0.4855634690686816,,,,,,,,
290,103,V2,0,0.00020355729990333406,layer4.0,0,0.8502377856372358,,,,,,,,
291,104,V2,1,0.00011476486142505106,layer4.0,0,0.8510717146903463,,,,,,,,
292,105,V2,2,6.567802989816397e-05,layer4.0,0,0.06736004383990343,,,,,,,,
293,103,V2,0,0.00020355729990333406,layer4.0,1,0.9210824234853274,,,,,,,,
294,104,V2,1,0.00011476486142505106,layer4.0,1,0.8975804454229108,,,,,,,,
295,105,V2,2,6.567802989816397e-05,layer4.0,1,0.5380106855948031,,,,,,,,
296,103,V2,0,0.00020355729990333406,layer4.0,2,0.8896641926901603,,,,,,,,
297,104,V2,1,0.00011476486142505106,layer4.0,2,0.891920396823763,,,,,,,,
298,105,V2,2,6.567802989816397e-05,layer4.0,2,0.6989241626137724,,,,,,,,
299,103,V2,0,0.00020355729990333406,layer4.0,3,0.7900914367395258,,,,,,,,
300,104,V2,1,0.00011476486142505106,layer4.0,3,0.8997772699474557,,,,,,,,
301,105,V2,2,6.567802989816397e-05,layer4.0,3,0.08598671149474199,,,,,,,,
302,103,V2,0,0.00020355729990333406,layer4.0,4,0.8373231920834001,,,,,,,,
303,104,V2,1,0.00011476486142505106,layer4.0,4,0.7057107709044447,,,,,,,,
304,105,V2,2,6.567802989816397e-05,layer4.0,4,0.3164526191676543,,,,,,,,
305,103,V2,0,0.00020355729990333406,layer4.0,5,0.8852221596487038,,,,,,,,
306,104,V2,1,0.00011476486142505106,layer4.0,5,0.8185087248447375,,,,,,,,
307,105,V2,2,6.567802989816397e-05,layer4.0,5,0.27777289243585285,,,,,,,,
308,103,V2,0,0.00020355729990333406,layer4.0,6,0.8474071344384653,,,,,,,,
309,104,V2,1,0.00011476486142505106,layer4.0,6,0.7186360199666261,,,,,,,,
310,105,V2,2,6.567802989816397e-05,layer4.0,6,0.05252271111559362,,,,,,,,
311,103,V2,0,0.00020355729990333406,layer4.0,7,0.9181990510510357,,,,,,,,
312,104,V2,1,0.00011476486142505106,layer4.0,7,0.6705743298368052,,,,,,,,
313,105,V2,2,6.567802989816397e-05,layer4.0,7,0.4544548546116847,,,,,,,,
314,103,V2,0,0.00020355729990333406,layer4.0,8,0.7788969252875679,,,,,,,,
315,104,V2,1,0.00011476486142505106,layer4.0,8,0.8548101526532061,,,,,,,,
316,105,V2,2,6.567802989816397e-05,layer4.0,8,0.6267237742547198,,,,,,,,
317,103,V2,0,0.00020355729990333406,layer4.0,9,0.8827655576121854,,,,,,,,
318,104,V2,1,0.00011476486142505106,layer4.0,9,0.8685713548962205,,,,,,,,
319,105,V2,2,6.567802989816397e-05,layer4.0,9,0.4675716117877218,,,,,,,,
320,Chabo_L_P_0_2,V4,0,5.880706787109375,layer1.0,0,0.8241000336638313,P,2.0,L,V4,Chabo,-1.8,-1.0,0.0
321,Chabo_L_P_0_3,V4,1,1.980441927909851,layer1.0,0,0.8541246901441235,P,3.0,L,V4,Chabo,-1.8,-0.6000000000000001,0.0
322,Chabo_L_P_0_6,V4,2,1.155991792678833,layer1.0,0,0.8526068410405583,P,6.0,L,V4,Chabo,-1.8,0.6000000000000001,0.0
323,Chabo_L_P_1_0,V4,3,0.9041620492935181,layer1.0,0,0.7129316532017448,P,0.0,L,V4,Chabo,-1.4000000000000001,-1.8,1.0
324,Chabo_L_P_1_2,V4,4,0.6592646837234497,layer1.0,0,0.6869649127009337,P,2.0,L,V4,Chabo,-1.4000000000000001,-1.0,1.0
325,Chabo_L_P_1_4,V4,5,0.5022690892219543,layer1.0,0,0.49541134044684576,P,4.0,L,V4,Chabo,-1.4000000000000001,-0.2,1.0
326,Chabo_L_P_1_5,V4,6,0.4566143751144409,layer1.0,0,0.6316339184921208,P,5.0,L,V4,Chabo,-1.4000000000000001,0.2,1.0
327,Chabo_L_P_1_9,V4,7,0.3863619267940521,layer1.0,0,0.6845608811841314,P,9.0,L,V4,Chabo,-1.4000000000000001,1.8,1.0
328,Chabo_L_P_2_0,V4,8,0.3699948787689209,layer1.0,0,0.5251802424564868,P,0.0,L,V4,Chabo,-1.0,-1.8,2.0
329,Chabo_L_P_2_1,V4,9,0.3020770251750946,layer1.0,0,0.33908491301469745,P,1.0,L,V4,Chabo,-1.0,-1.4000000000000001,2.0
330,Chabo_L_P_2_4,V4,10,0.25871777534484863,layer1.0,0,0.43791904519452945,P,4.0,L,V4,Chabo,-1.0,-0.2,2.0
331,Chabo_L_P_2_6,V4,11,0.23354065418243408,layer1.0,0,0.4074587323279075,P,6.0,L,V4,Chabo,-1.0,0.6000000000000001,2.0
332,Chabo_L_P_2_7,V4,12,0.21483959257602692,layer1.0,0,0.26025901293470544,P,7.0,L,V4,Chabo,-1.0,1.0,2.0
333,Chabo_L_P_2_8,V4,13,0.20041781663894653,layer1.0,0,0.2768953923841915,P,8.0,L,V4,Chabo,-1.0,1.4000000000000001,2.0
334,Chabo_L_P_2_9,V4,14,0.17971989512443542,layer1.0,0,0.3384824129145697,P,9.0,L,V4,Chabo,-1.0,1.8,2.0
335,Chabo_L_P_3_0,V4,15,0.1617906540632248,layer1.0,0,0.36198166509054996,P,0.0,L,V4,Chabo,-0.6000000000000001,-1.8,3.0
336,Chabo_L_P_3_1,V4,16,0.14348383247852325,layer1.0,0,0.24934387958707782,P,1.0,L,V4,Chabo,-0.6000000000000001,-1.4000000000000001,3.0
337,Chabo_L_P_3_5,V4,17,0.12025758624076843,layer1.0,0,0.26172901136388543,P,5.0,L,V4,Chabo,-0.6000000000000001,0.2,3.0
338,Chabo_L_P_3_7,V4,18,0.11258666217327118,layer1.0,0,0.11333243060877399,P,7.0,L,V4,Chabo,-0.6000000000000001,1.0,3.0
339,Chabo_L_P_3_9,V4,19,0.10354252904653549,layer1.0,0,0.19929540221892939,P,9.0,L,V4,Chabo,-0.6000000000000001,1.8,3.0
340,Chabo_L_P_4_2,V4,20,0.08750873059034348,layer1.0,0,0.19228913024426103,P,2.0,L,V4,Chabo,-0.2,-1.0,4.0
341,Chabo_L_P_4_5,V4,21,0.07274828106164932,layer1.0,0,0.1875589587678489,P,5.0,L,V4,Chabo,-0.2,0.2,4.0
342,Chabo_L_P_0_2,V4,0,5.880706787109375,layer1.0,1,0.844319384869388,P,2.0,L,V4,Chabo,-1.8,-1.0,0.0
343,Chabo_L_P_0_3,V4,1,1.980441927909851,layer1.0,1,0.8298300721582691,P,3.0,L,V4,Chabo,-1.8,-0.6000000000000001,0.0
344,Chabo_L_P_0_6,V4,2,1.155991792678833,layer1.0,1,0.8313174880528384,P,6.0,L,V4,Chabo,-1.8,0.6000000000000001,0.0
345,Chabo_L_P_1_0,V4,3,0.9041620492935181,layer1.0,1,0.6764545022080523,P,0.0,L,V4,Chabo,-1.4000000000000001,-1.8,1.0
346,Chabo_L_P_1_2,V4,4,0.6592646837234497,layer1.0,1,0.6746200944156036,P,2.0,L,V4,Chabo,-1.4000000000000001,-1.0,1.0
347,Chabo_L_P_1_4,V4,5,0.5022690892219543,layer1.0,1,0.5592373103170339,P,4.0,L,V4,Chabo,-1.4000000000000001,-0.2,1.0
348,Chabo_L_P_1_5,V4,6,0.4566143751144409,layer1.0,1,0.6736987033417854,P,5.0,L,V4,Chabo,-1.4000000000000001,0.2,1.0
349,Chabo_L_P_1_9,V4,7,0.3863619267940521,layer1.0,1,0.7028397224260451,P,9.0,L,V4,Chabo,-1.4000000000000001,1.8,1.0
350,Chabo_L_P_2_0,V4,8,0.3699948787689209,layer1.0,1,0.5972030822229413,P,0.0,L,V4,Chabo,-1.0,-1.8,2.0
351,Chabo_L_P_2_1,V4,9,0.3020770251750946,layer1.0,1,0.26479374104800857,P,1.0,L,V4,Chabo,-1.0,-1.4000000000000001,2.0
352,Chabo_L_P_2_4,V4,10,0.25871777534484863,layer1.0,1,0.42489452385822096,P,4.0,L,V4,Chabo,-1.0,-0.2,2.0
353,Chabo_L_P_2_6,V4,11,0.23354065418243408,layer1.0,1,0.4489570381876426,P,6.0,L,V4,Chabo,-1.0,0.6000000000000001,2.0
354,Chabo_L_P_2_7,V4,12,0.21483959257602692,layer1.0,1,0.259069622412344,P,7.0,L,V4,Chabo,-1.0,1.0,2.0
355,Chabo_L_P_2_8,V4,13,0.20041781663894653,layer1.0,1,0.28465236836157914,P,8.0,L,V4,Chabo,-1.0,1.4000000000000001,2.0
356,Chabo_L_P_2_9,V4,14,0.17971989512443542,layer1.0,1,0.2947969289997563,P,9.0,L,V4,Chabo,-1.0,1.8,2.0
357,Chabo_L_P_3_0,V4,15,0.1617906540632248,layer1.0,1,0.29856818276813823,P,0.0,L,V4,Chabo,-0.6000000000000001,-1.8,3.0
358,Chabo_L_P_3_1,V4,16,0.14348383247852325,layer1.0,1,0.3283813931042263,P,1.0,L,V4,Chabo,-0.6000000000000001,-1.4000000000000001,3.0
359,Chabo_L_P_3_5,V4,17,0.12025758624076843,layer1.0,1,0.27340730253871537,P,5.0,L,V4,Chabo,-0.6000000000000001,0.2,3.0
360,Chabo_L_P_3_7,V4,18,0.11258666217327118,layer1.0,1,0.11452659738044538,P,7.0,L,V4,Chabo,-0.6000000000000001,1.0,3.0
361,Chabo_L_P_3_9,V4,19,0.10354252904653549,layer1.0,1,0.18139010449520984,P,9.0,L,V4,Chabo,-0.6000000000000001,1.8,3.0
362,Chabo_L_P_4_2,V4,20,0.08750873059034348,layer1.0,1,0.1953614324193203,P,2.0,L,V4,Chabo,-0.2,-1.0,4.0
363,Chabo_L_P_4_5,V4,21,0.07274828106164932,layer1.0,1,0.1547231028702887,P,5.0,L,V4,Chabo,-0.2,0.2,4.0
364,Chabo_L_P_0_2,V4,0,5.880706787109375,layer1.0,2,0.8358515924417904,P,2.0,L,V4,Chabo,-1.8,-1.0,0.0
365,Chabo_L_P_0_3,V4,1,1.980441927909851,layer1.0,2,0.8754269691180983,P,3.0,L,V4,Chabo,-1.8,-0.6000000000000001,0.0
366,Chabo_L_P_0_6,V4,2,1.155991792678833,layer1.0,2,0.7977916291957738,P,6.0,L,V4,Chabo,-1.8,0.6000000000000001,0.0
367,Chabo_L_P_1_0,V4,3,0.9041620492935181,layer1.0,2,0.6784309173696981,P,0.0,L,V4,Chabo,-1.4000000000000001,-1.8,1.0
368,Chabo_L_P_1_2,V4,4,0.6592646837234497,layer1.0,2,0.696377911314719,P,2.0,L,V4,Chabo,-1.4000000000000001,-1.0,1.0
369,Chabo_L_P_1_4,V4,5,0.5022690892219543,layer1.0,2,0.48683795598988955,P,4.0,L,V4,Chabo,-1.4000000000000001,-0.2,1.0
370,Chabo_L_P_1_5,V4,6,0.4566143751144409,layer1.0,2,0.6780964923045512,P,5.0,L,V4,Chabo,-1.4000000000000001,0.2,1.0
371,Chabo_L_P_1_9,V4,7,0.3863619267940521,layer1.0,2,0.6635992746291468,P,9.0,L,V4,Chabo,-1.4000000000000001,1.8,1.0
372,Chabo_L_P_2_0,V4,8,0.3699948787689209,layer1.0,2,0.565526413970284,P,0.0,L,V4,Chabo,-1.0,-1.8,2.0
373,Chabo_L_P_2_1,V4,9,0.3020770251750946,layer1.0,2,0.397541138040632,P,1.0,L,V4,Chabo,-1.0,-1.4000000000000001,2.0
374,Chabo_L_P_2_4,V4,10,0.25871777534484863,layer1.0,2,0.3984461739013282,P,4.0,L,V4,Chabo,-1.0,-0.2,2.0
375,Chabo_L_P_2_6,V4,11,0.23354065418243408,layer1.0,2,0.44842437142767666,P,6.0,L,V4,Chabo,-1.0,0.6000000000000001,2.0
376,Chabo_L_P_2_7,V4,12,0.21483959257602692,layer1.0,2,0.2031050289317659,P,7.0,L,V4,Chabo,-1.0,1.0,2.0
377,Chabo_L_P_2_8,V4,13,0.20041781663894653,layer1.0,2,0.3395349078224923,P,8.0,L,V4,Chabo,-1.0,1.4000000000000001,2.0
378,Chabo_L_P_2_9,V4,14,0.17971989512443542,layer1.0,2,0.2777992155853146,P,9.0,L,V4,Chabo,-1.0,1.8,2.0
379,Chabo_L_P_3_0,V4,15,0.1617906540632248,layer1.0,2,0.3890706989849573,P,0.0,L,V4,Chabo,-0.6000000000000001,-1.8,3.0
380,Chabo_L_P_3_1,V4,16,0.14348383247852325,layer1.0,2,0.29954749761061594,P,1.0,L,V4,Chabo,-0.6000000000000001,-1.4000000000000001,3.0
381,Chabo_L_P_3_5,V4,17,0.12025758624076843,layer1.0,2,0.26855010803030877,P,5.0,L,V4,Chabo,-0.6000000000000001,0.2,3.0
382,Chabo_L_P_3_7,V4,18,0.11258666217327118,layer1.0,2,0.23886104077841874,P,7.0,L,V4,Chabo,-0.6000000000000001,1.0,3.0
383,Chabo_L_P_3_9,V4,19,0.10354252904653549,layer1.0,2,0.3057744335085524,P,9.0,L,V4,Chabo,-0.6000000000000001,1.8,3.0
384,Chabo_L_P_4_2,V4,20,0.08750873059034348,layer1.0,2,0.29991663975578187,P,2.0,L,V4,Chabo,-0.2,-1.0,4.0
385,Chabo_L_P_4_5,V4,21,0.07274828106164932,layer1.0,2,0.08331894078335002,P,5.0,L,V4,Chabo,-0.2,0.2,4.0
386,Chabo_L_P_0_2,V4,0,5.880706787109375,layer1.0,3,0.8253448836375814,P,2.0,L,V4,Chabo,-1.8,-1.0,0.0
387,Chabo_L_P_0_3,V4,1,1.980441927909851,layer1.0,3,0.8576274788896576,P,3.0,L,V4,Chabo,-1.8,-0.6000000000000001,0.0
388,Chabo_L_P_0_6,V4,2,1.155991792678833,layer1.0,3,0.814806887829026,P,6.0,L,V4,Chabo,-1.8,0.6000000000000001,0.0
389,Chabo_L_P_1_0,V4,3,0.9041620492935181,layer1.0,3,0.707794725212789,P,0.0,L,V4,Chabo,-1.4000000000000001,-1.8,1.0
390,Chabo_L_P_1_2,V4,4,0.6592646837234497,layer1.0,3,0.7038435357326289,P,2.0,L,V4,Chabo,-1.4000000000000001,-1.0,1.0
391,Chabo_L_P_1_4,V4,5,0.5022690892219543,layer1.0,3,0.500311638284755,P,4.0,L,V4,Chabo,-1.4000000000000001,-0.2,1.0
392,Chabo_L_P_1_5,V4,6,0.4566143751144409,layer1.0,3,0.6716682094166397,P,5.0,L,V4,Chabo,-1.4000000000000001,0.2,1.0
393,Chabo_L_P_1_9,V4,7,0.3863619267940521,layer1.0,3,0.7131275490222972,P,9.0,L,V4,Chabo,-1.4000000000000001,1.8,1.0
394,Chabo_L_P_2_0,V4,8,0.3699948787689209,layer1.0,3,0.5474880459680318,P,0.0,L,V4,Chabo,-1.0,-1.8,2.0
395,Chabo_L_P_2_1,V4,9,0.3020770251750946,layer1.0,3,0.3167924961054843,P,1.0,L,V4,Chabo,-1.0,-1.4000000000000001,2.0
396,Chabo_L_P_2_4,V4,10,0.25871777534484863,layer1.0,3,0.4972886503758601,P,4.0,L,V4,Chabo,-1.0,-0.2,2.0
397,Chabo_L_P_2_6,V4,11,0.23354065418243408,layer1.0,3,0.44002476537330026,P,6.0,L,V4,Chabo,-1.0,0.6000000000000001,2.0
398,Chabo_L_P_2_7,V4,12,0.21483959257602692,layer1.0,3,0.4255807789883584,P,7.0,L,V4,Chabo,-1.0,1.0,2.0
399,Chabo_L_P_2_8,V4,13,0.20041781663894653,layer1.0,3,0.3261886847691583,P,8.0,L,V4,Chabo,-1.0,1.4000000000000001,2.0
400,Chabo_L_P_2_9,V4,14,0.17971989512443542,layer1.0,3,0.19507674224941313,P,9.0,L,V4,Chabo,-1.0,1.8,2.0
401,Chabo_L_P_3_0,V4,15,0.1617906540632248,layer1.0,3,0.30021295557560557,P,0.0,L,V4,Chabo,-0.6000000000000001,-1.8,3.0
402,Chabo_L_P_3_1,V4,16,0.14348383247852325,layer1.0,3,0.32618547297439937,P,1.0,L,V4,Chabo,-0.6000000000000001,-1.4000000000000001,3.0
403,Chabo_L_P_3_5,V4,17,0.12025758624076843,layer1.0,3,0.24915726983456618,P,5.0,L,V4,Chabo,-0.6000000000000001,0.2,3.0
404,Chabo_L_P_3_7,V4,18,0.11258666217327118,layer1.0,3,0.27692213132965815,P,7.0,L,V4,Chabo,-0.6000000000000001,1.0,3.0
405,Chabo_L_P_3_9,V4,19,0.10354252904653549,layer1.0,3,0.2688935367894477,P,9.0,L,V4,Chabo,-0.6000000000000001,1.8,3.0
406,Chabo_L_P_4_2,V4,20,0.08750873059034348,layer1.0,3,0.3010659978723981,P,2.0,L,V4,Chabo,-0.2,-1.0,4.0
407,Chabo_L_P_4_5,V4,21,0.07274828106164932,layer1.0,3,0.19096702079859224,P,5.0,L,V4,Chabo,-0.2,0.2,4.0
408,Chabo_L_P_0_2,V4,0,5.880706787109375,layer1.0,4,0.7917743175655416,P,2.0,L,V4,Chabo,-1.8,-1.0,0.0
409,Chabo_L_P_0_3,V4,1,1.980441927909851,layer1.0,4,0.851261493560903,P,3.0,L,V4,Chabo,-1.8,-0.6000000000000001,0.0
410,Chabo_L_P_0_6,V4,2,1.155991792678833,layer1.0,4,0.8453753485597251,P,6.0,L,V4,Chabo,-1.8,0.6000000000000001,0.0
411,Chabo_L_P_1_0,V4,3,0.9041620492935181,layer1.0,4,0.707907040489695,P,0.0,L,V4,Chabo,-1.4000000000000001,-1.8,1.0
412,Chabo_L_P_1_2,V4,4,0.6592646837234497,layer1.0,4,0.6397113386789133,P,2.0,L,V4,Chabo,-1.4000000000000001,-1.0,1.0
413,Chabo_L_P_1_4,V4,5,0.5022690892219543,layer1.0,4,0.5591529928012491,P,4.0,L,V4,Chabo,-1.4000000000000001,-0.2,1.0
414,Chabo_L_P_1_5,V4,6,0.4566143751144409,layer1.0,4,0.6798114815238427,P,5.0,L,V4,Chabo,-1.4000000000000001,0.2,1.0
415,Chabo_L_P_1_9,V4,7,0.3863619267940521,layer1.0,4,0.6286300903780675,P,9.0,L,V4,Chabo,-1.4000000000000001,1.8,1.0
416,Chabo_L_P_2_0,V4,8,0.3699948787689209,layer1.0,4,0.5927201082238303,P,0.0,L,V4,Chabo,-1.0,-1.8,2.0
417,Chabo_L_P_2_1,V4,9,0.3020770251750946,layer1.0,4,0.4100576584356296,P,1.0,L,V4,Chabo,-1.0,-1.4000000000000001,2.0
418,Chabo_L_P_2_4,V4,10,0.25871777534484863,layer1.0,4,0.4808160705588298,P,4.0,L,V4,Chabo,-1.0,-0.2,2.0
419,Chabo_L_P_2_6,V4,11,0.23354065418243408,layer1.0,4,0.3941180069010998,P,6.0,L,V4,Chabo,-1.0,0.6000000000000001,2.0
420,Chabo_L_P_2_7,V4,12,0.21483959257602692,layer1.0,4,0.20218814940329666,P,7.0,L,V4,Chabo,-1.0,1.0,2.0
421,Chabo_L_P_2_8,V4,13,0.20041781663894653,layer1.0,4,0.328926613719452,P,8.0,L,V4,Chabo,-1.0,1.4000000000000001,2.0
422,Chabo_L_P_2_9,V4,14,0.17971989512443542,layer1.0,4,0.2903099751704601,P,9.0,L,V4,Chabo,-1.0,1.8,2.0
423,Chabo_L_P_3_0,V4,15,0.1617906540632248,layer1.0,4,0.2705385934066934,P,0.0,L,V4,Chabo,-0.6000000000000001,-1.8,3.0
424,Chabo_L_P_3_1,V4,16,0.14348383247852325,layer1.0,4,0.23647871333230802,P,1.0,L,V4,Chabo,-0.6000000000000001,-1.4000000000000001,3.0
425,Chabo_L_P_3_5,V4,17,0.12025758624076843,layer1.0,4,0.33798299263715026,P,5.0,L,V4,Chabo,-0.6000000000000001,0.2,3.0
426,Chabo_L_P_3_7,V4,18,0.11258666217327118,layer1.0,4,0.2913996601276183,P,7.0,L,V4,Chabo,-0.6000000000000001,1.0,3.0
427,Chabo_L_P_3_9,V4,19,0.10354252904653549,layer1.0,4,0.20456079324039805,P,9.0,L,V4,Chabo,-0.6000000000000001,1.8,3.0
428,Chabo_L_P_4_2,V4,20,0.08750873059034348,layer1.0,4,0.2475937380734889,P,2.0,L,V4,Chabo,-0.2,-1.0,4.0
429,Chabo_L_P_4_5,V4,21,0.07274828106164932,layer1.0,4,0.08302143124645395,P,5.0,L,V4,Chabo,-0.2,0.2,4.0
430,Chabo_L_P_0_2,V4,0,5.880706787109375,layer1.0,5,0.8345729093588539,P,2.0,L,V4,Chabo,-1.8,-1.0,0.0
431,Chabo_L_P_0_3,V4,1,1.980441927909851,layer1.0,5,0.8438121047786358,P,3.0,L,V4,Chabo,-1.8,-0.6000000000000001,0.0
432,Chabo_L_P_0_6,V4,2,1.155991792678833,layer1.0,5,0.8241465435150424,P,6.0,L,V4,Chabo,-1.8,0.6000000000000001,0.0
433,Chabo_L_P_1_0,V4,3,0.9041620492935181,layer1.0,5,0.6825499685290581,P,0.0,L,V4,Chabo,-1.4000000000000001,-1.8,1.0
434,Chabo_L_P_1_2,V4,4,0.6592646837234497,layer1.0,5,0.6323229054407227,P,2.0,L,V4,Chabo,-1.4000000000000001,-1.0,1.0
435,Chabo_L_P_1_4,V4,5,0.5022690892219543,layer1.0,5,0.5314203034812788,P,4.0,L,V4,Chabo,-1.4000000000000001,-0.2,1.0
436,Chabo_L_P_1_5,V4,6,0.4566143751144409,layer1.0,5,0.7250223906562054,P,5.0,L,V4,Chabo,-1.4000000000000001,0.2,1.0
437,Chabo_L_P_1_9,V4,7,0.3863619267940521,layer1.0,5,0.6806206975052174,P,9.0,L,V4,Chabo,-1.4000000000000001,1.8,1.0
438,Chabo_L_P_2_0,V4,8,0.3699948787689209,layer1.0,5,0.6285069793707075,P,0.0,L,V4,Chabo,-1.0,-1.8,2.0
439,Chabo_L_P_2_1,V4,9,0.3020770251750946,layer1.0,5,0.3418619826029115,P,1.0,L,V4,Chabo,-1.0,-1.4000000000000001,2.0
440,Chabo_L_P_2_4,V4,10,0.25871777534484863,layer1.0,5,0.45121393782459107,P,4.0,L,V4,Chabo,-1.0,-0.2,2.0
441,Chabo_L_P_2_6,V4,11,0.23354065418243408,layer1.0,5,0.34401312469110146,P,6.0,L,V4,Chabo,-1.0,0.6000000000000001,2.0
442,Chabo_L_P_2_7,V4,12,0.21483959257602692,layer1.0,5,0.30600768651613863,P,7.0,L,V4,Chabo,-1.0,1.0,2.0
443,Chabo_L_P_2_8,V4,13,0.20041781663894653,layer1.0,5,0.3590160773797862,P,8.0,L,V4,Chabo,-1.0,1.4000000000000001,2.0
444,Chabo_L_P_2_9,V4,14,0.17971989512443542,layer1.0,5,0.21005164945004118,P,9.0,L,V4,Chabo,-1.0,1.8,2.0
445,Chabo_L_P_3_0,V4,15,0.1617906540632248,layer1.0,5,0.3762321014698311,P,0.0,L,V4,Chabo,-0.6000000000000001,-1.8,3.0
446,Chabo_L_P_3_1,V4,16,0.14348383247852325,layer1.0,5,0.3080295787374365,P,1.0,L,V4,Chabo,-0.6000000000000001,-1.4000000000000001,3.0
447,Chabo_L_P_3_5,V4,17,0.12025758624076843,layer1.0,5,0.21492688383573125,P,5.0,L,V4,Chabo,-0.6000000000000001,0.2,3.0
448,Chabo_L_P_3_7,V4,18,0.11258666217327118,layer1.0,5,0.20037510418346377,P,7.0,L,V4,Chabo,-0.6000000000000001,1.0,3.0
449,Chabo_L_P_3_9,V4,19,0.10354252904653549,layer1.0,5,0.1992386383782086,P,9.0,L,V4,Chabo,-0.6000000000000001,1.8,3.0
450,Chabo_L_P_4_2,V4,20,0.08750873059034348,layer1.0,5,0.2510184900066159,P,2.0,L,V4,Chabo,-0.2,-1.0,4.0
451,Chabo_L_P_4_5,V4,21,0.07274828106164932,layer1.0,5,0.23816497729315,P,5.0,L,V4,Chabo,-0.2,0.2,4.0
452,Chabo_L_P_0_2,V4,0,5.880706787109375,layer1.0,6,0.8608510740945796,P,2.0,L,V4,Chabo,-1.8,-1.0,0.0
453,Chabo_L_P_0_3,V4,1,1.980441927909851,layer1.0,6,0.8600715748615739,P,3.0,L,V4,Chabo,-1.8,-0.6000000000000001,0.0
454,Chabo_L_P_0_6,V4,2,1.155991792678833,layer1.0,6,0.8553075901394642,P,6.0,L,V4,Chabo,-1.8,0.6000000000000001,0.0
455,Chabo_L_P_1_0,V4,3,0.9041620492935181,layer1.0,6,0.7454915983098729,P,0.0,L,V4,Chabo,-1.4000000000000001,-1.8,1.0
456,Chabo_L_P_1_2,V4,4,0.6592646837234497,layer1.0,6,0.668411849875755,P,2.0,L,V4,Chabo,-1.4000000000000001,-1.0,1.0
457,Chabo_L_P_1_4,V4,5,0.5022690892219543,layer1.0,6,0.6195083752967242,P,4.0,L,V4,Chabo,-1.4000000000000001,-0.2,1.0
458,Chabo_L_P_1_5,V4,6,0.4566143751144409,layer1.0,6,0.6808452405076328,P,5.0,L,V4,Chabo,-1.4000000000000001,0.2,1.0
459,Chabo_L_P_1_9,V4,7,0.3863619267940521,layer1.0,6,0.6875321660846573,P,9.0,L,V4,Chabo,-1.4000000000000001,1.8,1.0
460,Chabo_L_P_2_0,V4,8,0.3699948787689209,layer1.0,6,0.5901945497830636,P,0.0,L,V4,Chabo,-1.0,-1.8,2.0
461,Chabo_L_P_2_1,V4,9,0.3020770251750946,layer1.0,6,0.25339284821627783,P,1.0,L,V4,Chabo,-1.0,-1.4000000000000001,2.0
462,Chabo_L_P_2_4,V4,10,0.25871777534484863,layer1.0,6,0.46638715029183353,P,4.0,L,V4,Chabo,-1.0,-0.2,2.0
463,Chabo_L_P_2_6,V4,11,0.23354065418243408,layer1.0,6,0.3633605005444861,P,6.0,L,V4,Chabo,-1.0,0.6000000000000001,2.0
464,Chabo_L_P_2_7,V4,12,0.21483959257602692,layer1.0,6,0.22720216808215052,P,7.0,L,V4,Chabo,-1.0,1.0,2.0
465,Chabo_L_P_2_8,V4,13,0.20041781663894653,layer1.0,6,0.3108386785553421,P,8.0,L,V4,Chabo,-1.0,1.4000000000000001,2.0
466,Chabo_L_P_2_9,V4,14,0.17971989512443542,layer1.0,6,0.175989822720311,P,9.0,L,V4,Chabo,-1.0,1.8,2.0
467,Chabo_L_P_3_0,V4,15,0.1617906540632248,layer1.0,6,0.31720630482860857,P,0.0,L,V4,Chabo,-0.6000000000000001,-1.8,3.0
468,Chabo_L_P_3_1,V4,16,0.14348383247852325,layer1.0,6,0.28855541840622656,P,1.0,L,V4,Chabo,-0.6000000000000001,-1.4000000000000001,3.0
469,Chabo_L_P_3_5,V4,17,0.12025758624076843,layer1.0,6,0.2939196566649964,P,5.0,L,V4,Chabo,-0.6000000000000001,0.2,3.0
470,Chabo_L_P_3_7,V4,18,0.11258666217327118,layer1.0,6,0.21566850581978103,P,7.0,L,V4,Chabo,-0.6000000000000001,1.0,3.0
471,Chabo_L_P_3_9,V4,19,0.10354252904653549,layer1.0,6,0.1940635002925957,P,9.0,L,V4,Chabo,-0.6000000000000001,1.8,3.0
472,Chabo_L_P_4_2,V4,20,0.08750873059034348,layer1.0,6,0.23788229326427807,P,2.0,L,V4,Chabo,-0.2,-1.0,4.0
473,Chabo_L_P_4_5,V4,21,0.07274828106164932,layer1.0,6,0.2177276904661109,P,5.0,L,V4,Chabo,-0.2,0.2,4.0
474,Chabo_L_P_0_2,V4,0,5.880706787109375,layer1.0,7,0.8277927525280104,P,2.0,L,V4,Chabo,-1.8,-1.0,0.0
475,Chabo_L_P_0_3,V4,1,1.980441927909851,layer1.0,7,0.8051529490145681,P,3.0,L,V4,Chabo,-1.8,-0.6000000000000001,0.0
476,Chabo_L_P_0_6,V4,2,1.155991792678833,layer1.0,7,0.8286627581844295,P,6.0,L,V4,Chabo,-1.8,0.6000000000000001,0.0
477,Chabo_L_P_1_0,V4,3,0.9041620492935181,layer1.0,7,0.7237224252174168,P,0.0,L,V4,Chabo,-1.4000000000000001,-1.8,1.0
478,Chabo_L_P_1_2,V4,4,0.6592646837234497,layer1.0,7,0.6443852327199571,P,2.0,L,V4,Chabo,-1.4000000000000001,-1.0,1.0
479,Chabo_L_P_1_4,V4,5,0.5022690892219543,layer1.0,7,0.556485223063224,P,4.0,L,V4,Chabo,-1.4000000000000001,-0.2,1.0
480,Chabo_L_P_1_5,V4,6,0.4566143751144409,layer1.0,7,0.7121874962053134,P,5.0,L,V4,Chabo,-1.4000000000000001,0.2,1.0
481,Chabo_L_P_1_9,V4,7,0.3863619267940521,layer1.0,7,0.7182686562250895,P,9.0,L,V4,Chabo,-1.4000000000000001,1.8,1.0
482,Chabo_L_P_2_0,V4,8,0.3699948787689209,layer1.0,7,0.6208891557706786,P,0.0,L,V4,Chabo,-1.0,-1.8,2.0
483,Chabo_L_P_2_1,V4,9,0.3020770251750946,layer1.0,7,0.34173763169568117,P,1.0,L,V4,Chabo,-1.0,-1.4000000000000001,2.0
484,Chabo_L_P_2_4,V4,10,0.25871777534484863,layer1.0,7,0.5390010399419604,P,4.0,L,V4,Chabo,-1.0,-0.2,2.0
485,Chabo_L_P_2_6,V4,11,0.23354065418243408,layer1.0,7,0.4429031471703721,P,6.0,L,V4,Chabo,-1.0,0.6000000000000001,2.0
486,Chabo_L_P_2_7,V4,12,0.21483959257602692,layer1.0,7,0.26109040274422635,P,7.0,L,V4,Chabo,-1.0,1.0,2.0
487,Chabo_L_P_2_8,V4,13,0.20041781663894653,layer1.0,7,0.3547160600693698,P,8.0,L,V4,Chabo,-1.0,1.4000000000000001,2.0
488,Chabo_L_P_2_9,V4,14,0.17971989512443542,layer1.0,7,0.32136139553927046,P,9.0,L,V4,Chabo,-1.0,1.8,2.0
489,Chabo_L_P_3_0,V4,15,0.1617906540632248,layer1.0,7,0.377417797096676,P,0.0,L,V4,Chabo,-0.6000000000000001,-1.8,3.0
490,Chabo_L_P_3_1,V4,16,0.14348383247852325,layer1.0,7,0.3592951498679023,P,1.0,L,V4,Chabo,-0.6000000000000001,-1.4000000000000001,3.0
491,Chabo_L_P_3_5,V4,17,0.12025758624076843,layer1.0,7,0.21509742326381975,P,5.0,L,V4,Chabo,-0.6000000000000001,0.2,3.0
492,Chabo_L_P_3_7,V4,18,0.11258666217327118,layer1.0,7,0.24129418209321823,P,7.0,L,V4,Chabo,-0.6000000000000001,1.0,3.0
493,Chabo_L_P_3_9,V4,19,0.10354252904653549,layer1.0,7,0.20921699582423492,P,9.0,L,V4,Chabo,-0.6000000000000001,1.8,3.0
494,Chabo_L_P_4_2,V4,20,0.08750873059034348,layer1.0,7,0.21944449696702595,P,2.0,L,V4,Chabo,-0.2,-1.0,4.0
495,Chabo_L_P_4_5,V4,21,0.07274828106164932,layer1.0,7,0.18055170896564537,P,5.0,L,V4,Chabo,-0.2,0.2,4.0
496,Chabo_L_P_0_2,V4,0,5.880706787109375,layer1.0,8,0.8059028505380315,P,2.0,L,V4,Chabo,-1.8,-1.0,0.0
497,Chabo_L_P_0_3,V4,1,1.980441927909851,layer1.0,8,0.822548494382388,P,3.0,L,V4,Chabo,-1.8,-0.6000000000000001,0.0
498,Chabo_L_P_0_6,V4,2,1.155991792678833,layer1.0,8,0.8269201205806842,P,6.0,L,V4,Chabo,-1.8,0.6000000000000001,0.0
499,Chabo_L_P_1_0,V4,3,0.9041620492935181,layer1.0,8,0.7067659465692838,P,0.0,L,V4,Chabo,-1.4000000000000001,-1.8,1.0
500,Chabo_L_P_1_2,V4,4,0.6592646837234497,layer1.0,8,0.6888873793504193,P,2.0,L,V4,Chabo,-1.4000000000000001,-1.0,1.0
501,Chabo_L_P_1_4,V4,5,0.5022690892219543,layer1.0,8,0.5620280244281499,P,4.0,L,V4,Chabo,-1.4000000000000001,-0.2,1.0
502,Chabo_L_P_1_5,V4,6,0.4566143751144409,layer1.0,8,0.6515884597616614,P,5.0,L,V4,Chabo,-1.4000000000000001,0.2,1.0
503,Chabo_L_P_1_9,V4,7,0.3863619267940521,layer1.0,8,0.6115149523807811,P,9.0,L,V4,Chabo,-1.4000000000000001,1.8,1.0
504,Chabo_L_P_2_0,V4,8,0.3699948787689209,layer1.0,8,0.5432674426638808,P,0.0,L,V4,Chabo,-1.0,-1.8,2.0
505,Chabo_L_P_2_1,V4,9,0.3020770251750946,layer1.0,8,0.39682651497649835,P,1.0,L,V4,Chabo,-1.0,-1.4000000000000001,2.0
506,Chabo_L_P_2_4,V4,10,0.25871777534484863,layer1.0,8,0.49940220206681996,P,4.0,L,V4,Chabo,-1.0,-0.2,2.0
507,Chabo_L_P_2_6,V4,11,0.23354065418243408,layer1.0,8,0.4083538138868472,P,6.0,L,V4,Chabo,-1.0,0.6000000000000001,2.0
508,Chabo_L_P_2_7,V4,12,0.21483959257602692,layer1.0,8,0.24729415418812103,P,7.0,L,V4,Chabo,-1.0,1.0,2.0
509,Chabo_L_P_2_8,V4,13,0.20041781663894653,layer1.0,8,0.28698171879173195,P,8.0,L,V4,Chabo,-1.0,1.4000000000000001,2.0
510,Chabo_L_P_2_9,V4,14,0.17971989512443542,layer1.0,8,0.2551614440766154,P,9.0,L,V4,Chabo,-1.0,1.8,2.0
511,Chabo_L_P_3_0,V4,15,0.1617906540632248,layer1.0,8,0.40548811164432674,P,0.0,L,V4,Chabo,-0.6000000000000001,-1.8,3.0
512,Chabo_L_P_3_1,V4,16,0.14348383247852325,layer1.0,8,0.2685519954697811,P,1.0,L,V4,Chabo,-0.6000000000000001,-1.4000000000000001,3.0
513,Chabo_L_P_3_5,V4,17,0.12025758624076843,layer1.0,8,0.21725915823384997,P,5.0,L,V4,Chabo,-0.6000000000000001,0.2,3.0
514,Chabo_L_P_3_7,V4,18,0.11258666217327118,layer1.0,8,0.2645568625842125,P,7.0,L,V4,Chabo,-0.6000000000000001,1.0,3.0
515,Chabo_L_P_3_9,V4,19,0.10354252904653549,layer1.0,8,0.21854456613983575,P,9.0,L,V4,Chabo,-0.6000000000000001,1.8,3.0
516,Chabo_L_P_4_2,V4,20,0.08750873059034348,layer1.0,8,0.2823165532043163,P,2.0,L,V4,Chabo,-0.2,-1.0,4.0
517,Chabo_L_P_4_5,V4,21,0.07274828106164932,layer1.0,8,0.12493865489185199,P,5.0,L,V4,Chabo,-0.2,0.2,4.0
518,Chabo_L_P_0_2,V4,0,5.880706787109375,layer1.0,9,0.8460125127779452,P,2.0,L,V4,Chabo,-1.8,-1.0,0.0
519,Chabo_L_P_0_3,V4,1,1.980441927909851,layer1.0,9,0.8378672971944643,P,3.0,L,V4,Chabo,-1.8,-0.6000000000000001,0.0
520,Chabo_L_P_0_6,V4,2,1.155991792678833,layer1.0,9,0.8446441506120794,P,6.0,L,V4,Chabo,-1.8,0.6000000000000001,0.0
521,Chabo_L_P_1_0,V4,3,0.9041620492935181,layer1.0,9,0.6940133735715783,P,0.0,L,V4,Chabo,-1.4000000000000001,-1.8,1.0
522,Chabo_L_P_1_2,V4,4,0.6592646837234497,layer1.0,9,0.6644751074276085,P,2.0,L,V4,Chabo,-1.4000000000000001,-1.0,1.0
523,Chabo_L_P_1_4,V4,5,0.5022690892219543,layer1.0,9,0.5315849667682135,P,4.0,L,V4,Chabo,-1.4000000000000001,-0.2,1.0
524,Chabo_L_P_1_5,V4,6,0.4566143751144409,layer1.0,9,0.7094349373399504,P,5.0,L,V4,Chabo,-1.4000000000000001,0.2,1.0
525,Chabo_L_P_1_9,V4,7,0.3863619267940521,layer1.0,9,0.6742747572221404,P,9.0,L,V4,Chabo,-1.4000000000000001,1.8,1.0
526,Chabo_L_P_2_0,V4,8,0.3699948787689209,layer1.0,9,0.5970095115582212,P,0.0,L,V4,Chabo,-1.0,-1.8,2.0
527,Chabo_L_P_2_1,V4,9,0.3020770251750946,layer1.0,9,0.41706395374701144,P,1.0,L,V4,Chabo,-1.0,-1.4000000000000001,2.0
528,Chabo_L_P_2_4,V4,10,0.25871777534484863,layer1.0,9,0.4480974440675974,P,4.0,L,V4,Chabo,-1.0,-0.2,2.0
529,Chabo_L_P_2_6,V4,11,0.23354065418243408,layer1.0,9,0.3916713662501493,P,6.0,L,V4,Chabo,-1.0,0.6000000000000001,2.0
530,Chabo_L_P_2_7,V4,12,0.21483959257602692,layer1.0,9,0.2904877884715838,P,7.0,L,V4,Chabo,-1.0,1.0,2.0
531,Chabo_L_P_2_8,V4,13,0.20041781663894653,layer1.0,9,0.38969602968054734,P,8.0,L,V4,Chabo,-1.0,1.4000000000000001,2.0
532,Chabo_L_P_2_9,V4,14,0.17971989512443542,layer1.0,9,0.229609037095442,P,9.0,L,V4,Chabo,-1.0,1.8,2.0
533,Chabo_L_P_3_0,V4,15,0.1617906540632248,layer1.0,9,0.3420109721299528,P,0.0,L,V4,Chabo,-0.6000000000000001,-1.8,3.0
534,Chabo_L_P_3_1,V4,16,0.14348383247852325,layer1.0,9,0.35306331266051805,P,1.0,L,V4,Chabo,-0.6000000000000001,-1.4000000000000001,3.0
535,Chabo_L_P_3_5,V4,17,0.12025758624076843,layer1.0,9,0.3152324344416925,P,5.0,L,V4,Chabo,-0.6000000000000001,0.2,3.0
536,Chabo_L_P_3_7,V4,18,0.11258666217327118,layer1.0,9,0.22032454762332654,P,7.0,L,V4,Chabo,-0.6000000000000001,1.0,3.0
537,Chabo_L_P_3_9,V4,19,0.10354252904653549,layer1.0,9,0.24479379946761187,P,9.0,L,V4,Chabo,-0.6000000000000001,1.8,3.0
538,Chabo_L_P_4_2,V4,20,0.08750873059034348,layer1.0,9,0.29031339796888245,P,2.0,L,V4,Chabo,-0.2,-1.0,4.0
539,Chabo_L_P_4_5,V4,21,0.07274828106164932,layer1.0,9,0.1238268820875821,P,5.0,L,V4,Chabo,-0.2,0.2,4.0
540,Chabo_L_P_0_2,V4,0,5.880706787109375,layer2.0,0,0.8785341118287864,P,2.0,L,V4,Chabo,-1.8,-1.0,0.0
541,Chabo_L_P_0_3,V4,1,1.980441927909851,layer2.0,0,0.8384673699213036,P,3.0,L,V4,Chabo,-1.8,-0.6000000000000001,0.0
542,Chabo_L_P_0_6,V4,2,1.155991792678833,layer2.0,0,0.8428736570778406,P,6.0,L,V4,Chabo,-1.8,0.6000000000000001,0.0
543,Chabo_L_P_1_0,V4,3,0.9041620492935181,layer2.0,0,0.7050774725957306,P,0.0,L,V4,Chabo,-1.4000000000000001,-1.8,1.0
544,Chabo_L_P_1_2,V4,4,0.6592646837234497,layer2.0,0,0.6669057681469184,P,2.0,L,V4,Chabo,-1.4000000000000001,-1.0,1.0
545,Chabo_L_P_1_4,V4,5,0.5022690892219543,layer2.0,0,0.5397895212872914,P,4.0,L,V4,Chabo,-1.4000000000000001,-0.2,1.0
546,Chabo_L_P_1_5,V4,6,0.4566143751144409,layer2.0,0,0.6465738917220631,P,5.0,L,V4,Chabo,-1.4000000000000001,0.2,1.0
547,Chabo_L_P_1_9,V4,7,0.3863619267940521,layer2.0,0,0.661221818864119,P,9.0,L,V4,Chabo,-1.4000000000000001,1.8,1.0
548,Chabo_L_P_2_0,V4,8,0.3699948787689209,layer2.0,0,0.5706683461334248,P,0.0,L,V4,Chabo,-1.0,-1.8,2.0
549,Chabo_L_P_2_1,V4,9,0.3020770251750946,layer2.0,0,0.3971848270017102,P,1.0,L,V4,Chabo,-1.0,-1.4000000000000001,2.0
550,Chabo_L_P_2_4,V4,10,0.25871777534484863,layer2.0,0,0.4627457517348862,P,4.0,L,V4,Chabo,-1.0,-0.2,2.0
551,Chabo_L_P_2_6,V4,11,0.23354065418243408,layer2.0,0,0.39922559504191424,P,6.0,L,V4,Chabo,-1.0,0.6000000000000001,2.0
552,Chabo_L_P_2_7,V4,12,0.21483959257602692,layer2.0,0,0.2819019103489256,P,7.0,L,V4,Chabo,-1.0,1.0,2.0
553,Chabo_L_P_2_8,V4,13,0.20041781663894653,layer2.0,0,0.2567872217511956,P,8.0,L,V4,Chabo,-1.0,1.4000000000000001,2.0
554,Chabo_L_P_2_9,V4,14,0.17971989512443542,layer2.0,0,0.3228415959786282,P,9.0,L,V4,Chabo,-1.0,1.8,2.0
555,Chabo_L_P_3_0,V4,15,0.1617906540632248,layer2.0,0,0.40005265886182095,P,0.0,L,V4,Chabo,-0.6000000000000001,-1.8,3.0
556,Chabo_L_P_3_1,V4,16,0.14348383247852325,layer2.0,0,0.24542889886148522,P,1.0,L,V4,Chabo,-0.6000000000000001,-1.4000000000000001,3.0
557,Chabo_L_P_3_5,V4,17,0.12025758624076843,layer2.0,0,0.23131496911945218,P,5.0,L,V4,Chabo,-0.6000000000000001,0.2,3.0
558,Chabo_L_P_3_7,V4,18,0.11258666217327118,layer2.0,0,0.06639699890148251,P,7.0,L,V4,Chabo,-0.6000000000000001,1.0,3.0
559,Chabo_L_P_3_9,V4,19,0.10354252904653549,layer2.0,0,0.21343648073054866,P,9.0,L,V4,Chabo,-0.6000000000000001,1.8,3.0
560,Chabo_L_P_4_2,V4,20,0.08750873059034348,layer2.0,0,0.16560984166267723,P,2.0,L,V4,Chabo,-0.2,-1.0,4.0
561,Chabo_L_P_4_5,V4,21,0.07274828106164932,layer2.0,0,0.17913314451026613,P,5.0,L,V4,Chabo,-0.2,0.2,4.0
562,Chabo_L_P_0_2,V4,0,5.880706787109375,layer2.0,1,0.8808773248043724,P,2.0,L,V4,Chabo,-1.8,-1.0,0.0
563,Chabo_L_P_0_3,V4,1,1.980441927909851,layer2.0,1,0.8241072320121128,P,3.0,L,V4,Chabo,-1.8,-0.6000000000000001,0.0
564,Chabo_L_P_0_6,V4,2,1.155991792678833,layer2.0,1,0.8154987757680496,P,6.0,L,V4,Chabo,-1.8,0.6000000000000001,0.0
565,Chabo_L_P_1_0,V4,3,0.9041620492935181,layer2.0,1,0.6858933486325357,P,0.0,L,V4,Chabo,-1.4000000000000001,-1.8,1.0
566,Chabo_L_P_1_2,V4,4,0.6592646837234497,layer2.0,1,0.6891576745591086,P,2.0,L,V4,Chabo,-1.4000000000000001,-1.0,1.0
567,Chabo_L_P_1_4,V4,5,0.5022690892219543,layer2.0,1,0.6208281037478101,P,4.0,L,V4,Chabo,-1.4000000000000001,-0.2,1.0
568,Chabo_L_P_1_5,V4,6,0.4566143751144409,layer2.0,1,0.6409727082745059,P,5.0,L,V4,Chabo,-1.4000000000000001,0.2,1.0
569,Chabo_L_P_1_9,V4,7,0.3863619267940521,layer2.0,1,0.6870123720214072,P,9.0,L,V4,Chabo,-1.4000000000000001,1.8,1.0
570,Chabo_L_P_2_0,V4,8,0.3699948787689209,layer2.0,1,0.6049793031746808,P,0.0,L,V4,Chabo,-1.0,-1.8,2.0
571,Chabo_L_P_2_1,V4,9,0.3020770251750946,layer2.0,1,0.3327351163295429,P,1.0,L,V4,Chabo,-1.0,-1.4000000000000001,2.0
572,Chabo_L_P_2_4,V4,10,0.25871777534484863,layer2.0,1,0.41373221570484564,P,4.0,L,V4,Chabo,-1.0,-0.2,2.0
573,Chabo_L_P_2_6,V4,11,0.23354065418243408,layer2.0,1,0.4048497589686687,P,6.0,L,V4,Chabo,-1.0,0.6000000000000001,2.0
574,Chabo_L_P_2_7,V4,12,0.21483959257602692,layer2.0,1,0.3119725213016369,P,7.0,L,V4,Chabo,-1.0,1.0,2.0
575,Chabo_L_P_2_8,V4,13,0.20041781663894653,layer2.0,1,0.2789643231724678,P,8.0,L,V4,Chabo,-1.0,1.4000000000000001,2.0
576,Chabo_L_P_2_9,V4,14,0.17971989512443542,layer2.0,1,0.28785586721334006,P,9.0,L,V4,Chabo,-1.0,1.8,2.0
577,Chabo_L_P_3_0,V4,15,0.1617906540632248,layer2.0,1,0.37762493539043285,P,0.0,L,V4,Chabo,-0.6000000000000001,-1.8,3.0
578,Chabo_L_P_3_1,V4,16,0.14348383247852325,layer2.0,1,0.3291964565427091,P,1.0,L,V4,Chabo,-0.6000000000000001,-1.4000000000000001,3.0
579,Chabo_L_P_3_5,V4,17,0.12025758624076843,layer2.0,1,0.28573069072925705,P,5.0,L,V4,Chabo,-0.6000000000000001,0.2,3.0
580,Chabo_L_P_3_7,V4,18,0.11258666217327118,layer2.0,1,0.050696097348530686,P,7.0,L,V4,Chabo,-0.6000000000000001,1.0,3.0
581,Chabo_L_P_3_9,V4,19,0.10354252904653549,layer2.0,1,0.22462985632762686,P,9.0,L,V4,Chabo,-0.6000000000000001,1.8,3.0
582,Chabo_L_P_4_2,V4,20,0.08750873059034348,layer2.0,1,0.19476973411960613,P,2.0,L,V4,Chabo,-0.2,-1.0,4.0
583,Chabo_L_P_4_5,V4,21,0.07274828106164932,layer2.0,1,0.1426480067702956,P,5.0,L,V4,Chabo,-0.2,0.2,4.0
584,Chabo_L_P_0_2,V4,0,5.880706787109375,layer2.0,2,0.8795386795133316,P,2.0,L,V4,Chabo,-1.8,-1.0,0.0
585,Chabo_L_P_0_3,V4,1,1.980441927909851,layer2.0,2,0.8910818691069865,P,3.0,L,V4,Chabo,-1.8,-0.6000000000000001,0.0
586,Chabo_L_P_0_6,V4,2,1.155991792678833,layer2.0,2,0.8094471051147287,P,6.0,L,V4,Chabo,-1.8,0.6000000000000001,0.0
587,Chabo_L_P_1_0,V4,3,0.9041620492935181,layer2.0,2,0.712188978970203,P,0.0,L,V4,Chabo,-1.4000000000000001,-1.8,1.0
588,Chabo_L_P_1_2,V4,4,0.6592646837234497,layer2.0,2,0.6804957766930229,P,2.0,L,V4,Chabo,-1.4000000000000001,-1.0,1.0
589,Chabo_L_P_1_4,V4,5,0.5022690892219543,layer2.0,2,0.5673068189578507,P,4.0,L,V4,Chabo,-1.4000000000000001,-0.2,1.0
590,Chabo_L_P_1_5,V4,6,0.4566143751144409,layer2.0,2,0.6288625410469041,P,5.0,L,V4,Chabo,-1.4000000000000001,0.2,1.0
591,Chabo_L_P_1_9,V4,7,0.3863619267940521,layer2.0,2,0.672150286368036,P,9.0,L,V4,Chabo,-1.4000000000000001,1.8,1.0
592,Chabo_L_P_2_0,V4,8,0.3699948787689209,layer2.0,2,0.5662542125937746,P,0.0,L,V4,Chabo,-1.0,-1.8,2.0
593,Chabo_L_P_2_1,V4,9,0.3020770251750946,layer2.0,2,0.40628758968465856,P,1.0,L,V4,Chabo,-1.0,-1.4000000000000001,2.0
594,Chabo_L_P_2_4,V4,10,0.25871777534484863,layer2.0,2,0.3885338831319225,P,4.0,L,V4,Chabo,-1.0,-0.2,2.0
595,Chabo_L_P_2_6,V4,11,0.23354065418243408,layer2.0,2,0.37231150285152587,P,6.0,L,V4,Chabo,-1.0,0.6000000000000001,2.0
596,Chabo_L_P_2_7,V4,12,0.21483959257602692,layer2.0,2,0.19157112396903103,P,7.0,L,V4,Chabo,-1.0,1.0,2.0
597,Chabo_L_P_2_8,V4,13,0.20041781663894653,layer2.0,2,0.3201988084854359,P,8.0,L,V4,Chabo,-1.0,1.4000000000000001,2.0
598,Chabo_L_P_2_9,V4,14,0.17971989512443542,layer2.0,2,0.22047316751873933,P,9.0,L,V4,Chabo,-1.0,1.8,2.0
599,Chabo_L_P_3_0,V4,15,0.1617906540632248,layer2.0,2,0.44980413687604204,P,0.0,L,V4,Chabo,-0.6000000000000001,-1.8,3.0
600,Chabo_L_P_3_1,V4,16,0.14348383247852325,layer2.0,2,0.27634873908738056,P,1.0,L,V4,Chabo,-0.6000000000000001,-1.4000000000000001,3.0
601,Chabo_L_P_3_5,V4,17,0.12025758624076843,layer2.0,2,0.2618378522931353,P,5.0,L,V4,Chabo,-0.6000000000000001,0.2,3.0
602,Chabo_L_P_3_7,V4,18,0.11258666217327118,layer2.0,2,0.19149372195572498,P,7.0,L,V4,Chabo,-0.6000000000000001,1.0,3.0
603,Chabo_L_P_3_9,V4,19,0.10354252904653549,layer2.0,2,0.3179073146554071,P,9.0,L,V4,Chabo,-0.6000000000000001,1.8,3.0
604,Chabo_L_P_4_2,V4,20,0.08750873059034348,layer2.0,2,0.2881822683588321,P,2.0,L,V4,Chabo,-0.2,-1.0,4.0
605,Chabo_L_P_4_5,V4,21,0.07274828106164932,layer2.0,2,0.1390921256351476,P,5.0,L,V4,Chabo,-0.2,0.2,4.0
606,Chabo_L_P_0_2,V4,0,5.880706787109375,layer2.0,3,0.8925769114697093,P,2.0,L,V4,Chabo,-1.8,-1.0,0.0
607,Chabo_L_P_0_3,V4,1,1.980441927909851,layer2.0,3,0.8484437421587125,P,3.0,L,V4,Chabo,-1.8,-0.6000000000000001,0.0
608,Chabo_L_P_0_6,V4,2,1.155991792678833,layer2.0,3,0.8238209175097347,P,6.0,L,V4,Chabo,-1.8,0.6000000000000001,0.0
609,Chabo_L_P_1_0,V4,3,0.9041620492935181,layer2.0,3,0.6995499486670149,P,0.0,L,V4,Chabo,-1.4000000000000001,-1.8,1.0
610,Chabo_L_P_1_2,V4,4,0.6592646837234497,layer2.0,3,0.7165526639870222,P,2.0,L,V4,Chabo,-1.4000000000000001,-1.0,1.0
611,Chabo_L_P_1_4,V4,5,0.5022690892219543,layer2.0,3,0.5749208936429356,P,4.0,L,V4,Chabo,-1.4000000000000001,-0.2,1.0
612,Chabo_L_P_1_5,V4,6,0.4566143751144409,layer2.0,3,0.6817695414746389,P,5.0,L,V4,Chabo,-1.4000000000000001,0.2,1.0
613,Chabo_L_P_1_9,V4,7,0.3863619267940521,layer2.0,3,0.7280188247814201,P,9.0,L,V4,Chabo,-1.4000000000000001,1.8,1.0
614,Chabo_L_P_2_0,V4,8,0.3699948787689209,layer2.0,3,0.620421108338794,P,0.0,L,V4,Chabo,-1.0,-1.8,2.0
615,Chabo_L_P_2_1,V4,9,0.3020770251750946,layer2.0,3,0.36093144978879993,P,1.0,L,V4,Chabo,-1.0,-1.4000000000000001,2.0
616,Chabo_L_P_2_4,V4,10,0.25871777534484863,layer2.0,3,0.4835773277082776,P,4.0,L,V4,Chabo,-1.0,-0.2,2.0
617,Chabo_L_P_2_6,V4,11,0.23354065418243408,layer2.0,3,0.39559399331503353,P,6.0,L,V4,Chabo,-1.0,0.6000000000000001,2.0
618,Chabo_L_P_2_7,V4,12,0.21483959257602692,layer2.0,3,0.36716422144941574,P,7.0,L,V4,Chabo,-1.0,1.0,2.0
619,Chabo_L_P_2_8,V4,13,0.20041781663894653,layer2.0,3,0.25610866075317873,P,8.0,L,V4,Chabo,-1.0,1.4000000000000001,2.0
620,Chabo_L_P_2_9,V4,14,0.17971989512443542,layer2.0,3,0.1835892066561208,P,9.0,L,V4,Chabo,-1.0,1.8,2.0
621,Chabo_L_P_3_0,V4,15,0.1617906540632248,layer2.0,3,0.4411916357081389,P,0.0,L,V4,Chabo,-0.6000000000000001,-1.8,3.0
622,Chabo_L_P_3_1,V4,16,0.14348383247852325,layer2.0,3,0.2868987873390011,P,1.0,L,V4,Chabo,-0.6000000000000001,-1.4000000000000001,3.0
623,Chabo_L_P_3_5,V4,17,0.12025758624076843,layer2.0,3,0.2659209483340834,P,5.0,L,V4,Chabo,-0.6000000000000001,0.2,3.0
624,Chabo_L_P_3_7,V4,18,0.11258666217327118,layer2.0,3,0.11093840441826962,P,7.0,L,V4,Chabo,-0.6000000000000001,1.0,3.0
625,Chabo_L_P_3_9,V4,19,0.10354252904653549,layer2.0,3,0.31008919651395433,P,9.0,L,V4,Chabo,-0.6000000000000001,1.8,3.0
626,Chabo_L_P_4_2,V4,20,0.08750873059034348,layer2.0,3,0.2908983385068956,P,2.0,L,V4,Chabo,-0.2,-1.0,4.0
627,Chabo_L_P_4_5,V4,21,0.07274828106164932,layer2.0,3,0.1934569889203535,P,5.0,L,V4,Chabo,-0.2,0.2,4.0
628,Chabo_L_P_0_2,V4,0,5.880706787109375,layer2.0,4,0.8633245473548807,P,2.0,L,V4,Chabo,-1.8,-1.0,0.0
629,Chabo_L_P_0_3,V4,1,1.980441927909851,layer2.0,4,0.8618567159617472,P,3.0,L,V4,Chabo,-1.8,-0.6000000000000001,0.0
630,Chabo_L_P_0_6,V4,2,1.155991792678833,layer2.0,4,0.8242777094034024,P,6.0,L,V4,Chabo,-1.8,0.6000000000000001,0.0
631,Chabo_L_P_1_0,V4,3,0.9041620492935181,layer2.0,4,0.7192780646683385,P,0.0,L,V4,Chabo,-1.4000000000000001,-1.8,1.0
632,Chabo_L_P_1_2,V4,4,0.6592646837234497,layer2.0,4,0.691621046838332,P,2.0,L,V4,Chabo,-1.4000000000000001,-1.0,1.0
633,Chabo_L_P_1_4,V4,5,0.5022690892219543,layer2.0,4,0.6118370176979351,P,4.0,L,V4,Chabo,-1.4000000000000001,-0.2,1.0
634,Chabo_L_P_1_5,V4,6,0.4566143751144409,layer2.0,4,0.6522377974626533,P,5.0,L,V4,Chabo,-1.4000000000000001,0.2,1.0
635,Chabo_L_P_1_9,V4,7,0.3863619267940521,layer2.0,4,0.6598980987477723,P,9.0,L,V4,Chabo,-1.4000000000000001,1.8,1.0
636,Chabo_L_P_2_0,V4,8,0.3699948787689209,layer2.0,4,0.6300183084196049,P,0.0,L,V4,Chabo,-1.0,-1.8,2.0
637,Chabo_L_P_2_1,V4,9,0.3020770251750946,layer2.0,4,0.4367063258203935,P,1.0,L,V4,Chabo,-1.0,-1.4000000000000001,2.0
638,Chabo_L_P_2_4,V4,10,0.25871777534484863,layer2.0,4,0.48882382656882306,P,4.0,L,V4,Chabo,-1.0,-0.2,2.0
639,Chabo_L_P_2_6,V4,11,0.23354065418243408,layer2.0,4,0.33865296692907376,P,6.0,L,V4,Chabo,-1.0,0.6000000000000001,2.0
640,Chabo_L_P_2_7,V4,12,0.21483959257602692,layer2.0,4,0.22854525911013812,P,7.0,L,V4,Chabo,-1.0,1.0,2.0
641,Chabo_L_P_2_8,V4,13,0.20041781663894653,layer2.0,4,0.29748832852492835,P,8.0,L,V4,Chabo,-1.0,1.4000000000000001,2.0
642,Chabo_L_P_2_9,V4,14,0.17971989512443542,layer2.0,4,0.28344907284647236,P,9.0,L,V4,Chabo,-1.0,1.8,2.0
643,Chabo_L_P_3_0,V4,15,0.1617906540632248,layer2.0,4,0.3546451384412743,P,0.0,L,V4,Chabo,-0.6000000000000001,-1.8,3.0
644,Chabo_L_P_3_1,V4,16,0.14348383247852325,layer2.0,4,0.24365794024574944,P,1.0,L,V4,Chabo,-0.6000000000000001,-1.4000000000000001,3.0
645,Chabo_L_P_3_5,V4,17,0.12025758624076843,layer2.0,4,0.3412105979246373,P,5.0,L,V4,Chabo,-0.6000000000000001,0.2,3.0
646,Chabo_L_P_3_7,V4,18,0.11258666217327118,layer2.0,4,0.18052245440208747,P,7.0,L,V4,Chabo,-0.6000000000000001,1.0,3.0
647,Chabo_L_P_3_9,V4,19,0.10354252904653549,layer2.0,4,0.19994189593218897,P,9.0,L,V4,Chabo,-0.6000000000000001,1.8,3.0
648,Chabo_L_P_4_2,V4,20,0.08750873059034348,layer2.0,4,0.1990011850804155,P,2.0,L,V4,Chabo,-0.2,-1.0,4.0
649,Chabo_L_P_4_5,V4,21,0.07274828106164932,layer2.0,4,0.1417495221721066,P,5.0,L,V4,Chabo,-0.2,0.2,4.0
650,Chabo_L_P_0_2,V4,0,5.880706787109375,layer2.0,5,0.8773554588388702,P,2.0,L,V4,Chabo,-1.8,-1.0,0.0
651,Chabo_L_P_0_3,V4,1,1.980441927909851,layer2.0,5,0.8566189882570874,P,3.0,L,V4,Chabo,-1.8,-0.6000000000000001,0.0
652,Chabo_L_P_0_6,V4,2,1.155991792678833,layer2.0,5,0.8216075872484536,P,6.0,L,V4,Chabo,-1.8,0.6000000000000001,0.0
653,Chabo_L_P_1_0,V4,3,0.9041620492935181,layer2.0,5,0.6961647318488557,P,0.0,L,V4,Chabo,-1.4000000000000001,-1.8,1.0
654,Chabo_L_P_1_2,V4,4,0.6592646837234497,layer2.0,5,0.6131887776963871,P,2.0,L,V4,Chabo,-1.4000000000000001,-1.0,1.0
655,Chabo_L_P_1_4,V4,5,0.5022690892219543,layer2.0,5,0.5841312669374124,P,4.0,L,V4,Chabo,-1.4000000000000001,-0.2,1.0
656,Chabo_L_P_1_5,V4,6,0.4566143751144409,layer2.0,5,0.6934069501552433,P,5.0,L,V4,Chabo,-1.4000000000000001,0.2,1.0
657,Chabo_L_P_1_9,V4,7,0.3863619267940521,layer2.0,5,0.6906302989790777,P,9.0,L,V4,Chabo,-1.4000000000000001,1.8,1.0
658,Chabo_L_P_2_0,V4,8,0.3699948787689209,layer2.0,5,0.6106934512498481,P,0.0,L,V4,Chabo,-1.0,-1.8,2.0
659,Chabo_L_P_2_1,V4,9,0.3020770251750946,layer2.0,5,0.3841068498141577,P,1.0,L,V4,Chabo,-1.0,-1.4000000000000001,2.0
660,Chabo_L_P_2_4,V4,10,0.25871777534484863,layer2.0,5,0.41436867190370297,P,4.0,L,V4,Chabo,-1.0,-0.2,2.0
661,Chabo_L_P_2_6,V4,11,0.23354065418243408,layer2.0,5,0.2942264698595802,P,6.0,L,V4,Chabo,-1.0,0.6000000000000001,2.0
662,Chabo_L_P_2_7,V4,12,0.21483959257602692,layer2.0,5,0.2786713938396589,P,7.0,L,V4,Chabo,-1.0,1.0,2.0
663,Chabo_L_P_2_8,V4,13,0.20041781663894653,layer2.0,5,0.3358721196643226,P,8.0,L,V4,Chabo,-1.0,1.4000000000000001,2.0
664,Chabo_L_P_2_9,V4,14,0.17971989512443542,layer2.0,5,0.1781054857567758,P,9.0,L,V4,Chabo,-1.0,1.8,2.0
665,Chabo_L_P_3_0,V4,15,0.1617906540632248,layer2.0,5,0.4171093862481693,P,0.0,L,V4,Chabo,-0.6000000000000001,-1.8,3.0
666,Chabo_L_P_3_1,V4,16,0.14348383247852325,layer2.0,5,0.2703446344210072,P,1.0,L,V4,Chabo,-0.6000000000000001,-1.4000000000000001,3.0
667,Chabo_L_P_3_5,V4,17,0.12025758624076843,layer2.0,5,0.2416404662451321,P,5.0,L,V4,Chabo,-0.6000000000000001,0.2,3.0
668,Chabo_L_P_3_7,V4,18,0.11258666217327118,layer2.0,5,0.04415148932370264,P,7.0,L,V4,Chabo,-0.6000000000000001,1.0,3.0
669,Chabo_L_P_3_9,V4,19,0.10354252904653549,layer2.0,5,0.2597103311598349,P,9.0,L,V4,Chabo,-0.6000000000000001,1.8,3.0
670,Chabo_L_P_4_2,V4,20,0.08750873059034348,layer2.0,5,0.20804924776063477,P,2.0,L,V4,Chabo,-0.2,-1.0,4.0
671,Chabo_L_P_4_5,V4,21,0.07274828106164932,layer2.0,5,0.24891631439661163,P,5.0,L,V4,Chabo,-0.2,0.2,4.0
672,Chabo_L_P_0_2,V4,0,5.880706787109375,layer2.0,6,0.8893496069120588,P,2.0,L,V4,Chabo,-1.8,-1.0,0.0
673,Chabo_L_P_0_3,V4,1,1.980441927909851,layer2.0,6,0.8549337200110609,P,3.0,L,V4,Chabo,-1.8,-0.6000000000000001,0.0
674,Chabo_L_P_0_6,V4,2,1.155991792678833,layer2.0,6,0.850641935868384,P,6.0,L,V4,Chabo,-1.8,0.6000000000000001,0.0
675,Chabo_L_P_1_0,V4,3,0.9041620492935181,layer2.0,6,0.7552943215807901,P,0.0,L,V4,Chabo,-1.4000000000000001,-1.8,1.0
676,Chabo_L_P_1_2,V4,4,0.6592646837234497,layer2.0,6,0.7234935901566638,P,2.0,L,V4,Chabo,-1.4000000000000001,-1.0,1.0
677,Chabo_L_P_1_4,V4,5,0.5022690892219543,layer2.0,6,0.6170310551564273,P,4.0,L,V4,Chabo,-1.4000000000000001,-0.2,1.0
678,Chabo_L_P_1_5,V4,6,0.4566143751144409,layer2.0,6,0.6791607667194021,P,5.0,L,V4,Chabo,-1.4000000000000001,0.2,1.0
679,Chabo_L_P_1_9,V4,7,0.3863619267940521,layer2.0,6,0.6546492209891303,P,9.0,L,V4,Chabo,-1.4000000000000001,1.8,1.0
680,Chabo_L_P_2_0,V4,8,0.3699948787689209,layer2.0,6,0.5938053402767264,P,0.0,L,V4,Chabo,-1.0,-1.8,2.0
681,Chabo_L_P_2_1,V4,9,0.3020770251750946,layer2.0,6,0.33488007455514346,P,1.0,L,V4,Chabo,-1.0,-1.4000000000000001,2.0
682,Chabo_L_P_2_4,V4,10,0.25871777534484863,layer2.0,6,0.43256481457747076,P,4.0,L,V4,Chabo,-1.0,-0.2,2.0
683,Chabo_L_P_2_6,V4,11,0.23354065418243408,layer2.0,6,0.3154397754989254,P,6.0,L,V4,Chabo,-1.0,0.6000000000000001,2.0
684,Chabo_L_P_2_7,V4,12,0.21483959257602692,layer2.0,6,0.24864730980525945,P,7.0,L,V4,Chabo,-1.0,1.0,2.0
685,Chabo_L_P_2_8,V4,13,0.20041781663894653,layer2.0,6,0.289109485346635,P,8.0,L,V4,Chabo,-1.0,1.4000000000000001,2.0
686,Chabo_L_P_2_9,V4,14,0.17971989512443542,layer2.0,6,0.2544128336744407,P,9.0,L,V4,Chabo,-1.0,1.8,2.0
687,Chabo_L_P_3_0,V4,15,0.1617906540632248,layer2.0,6,0.35397553482087346,P,0.0,L,V4,Chabo,-0.6000000000000001,-1.8,3.0
688,Chabo_L_P_3_1,V4,16,0.14348383247852325,layer2.0,6,0.253933387238256,P,1.0,L,V4,Chabo,-0.6000000000000001,-1.4000000000000001,3.0
689,Chabo_L_P_3_5,V4,17,0.12025758624076843,layer2.0,6,0.3122057548996332,P,5.0,L,V4,Chabo,-0.6000000000000001,0.2,3.0
690,Chabo_L_P_3_7,V4,18,0.11258666217327118,layer2.0,6,0.14600117364625853,P,7.0,L,V4,Chabo,-0.6000000000000001,1.0,3.0
691,Chabo_L_P_3_9,V4,19,0.10354252904653549,layer2.0,6,0.2076044764983908,P,9.0,L,V4,Chabo,-0.6000000000000001,1.8,3.0
692,Chabo_L_P_4_2,V4,20,0.08750873059034348,layer2.0,6,0.19676580285569986,P,2.0,L,V4,Chabo,-0.2,-1.0,4.0
693,Chabo_L_P_4_5,V4,21,0.07274828106164932,layer2.0,6,0.15244187904959944,P,5.0,L,V4,Chabo,-0.2,0.2,4.0
694,Chabo_L_P_0_2,V4,0,5.880706787109375,layer2.0,7,0.8831041394919767,P,2.0,L,V4,Chabo,-1.8,-1.0,0.0
695,Chabo_L_P_0_3,V4,1,1.980441927909851,layer2.0,7,0.8225464111887787,P,3.0,L,V4,Chabo,-1.8,-0.6000000000000001,0.0
696,Chabo_L_P_0_6,V4,2,1.155991792678833,layer2.0,7,0.8336413886729578,P,6.0,L,V4,Chabo,-1.8,0.6000000000000001,0.0
697,Chabo_L_P_1_0,V4,3,0.9041620492935181,layer2.0,7,0.6917992363906994,P,0.0,L,V4,Chabo,-1.4000000000000001,-1.8,1.0
698,Chabo_L_P_1_2,V4,4,0.6592646837234497,layer2.0,7,0.6548011751273867,P,2.0,L,V4,Chabo,-1.4000000000000001,-1.0,1.0
699,Chabo_L_P_1_4,V4,5,0.5022690892219543,layer2.0,7,0.5487826349146665,P,4.0,L,V4,Chabo,-1.4000000000000001,-0.2,1.0
700,Chabo_L_P_1_5,V4,6,0.4566143751144409,layer2.0,7,0.682018277608748,P,5.0,L,V4,Chabo,-1.4000000000000001,0.2,1.0
701,Chabo_L_P_1_9,V4,7,0.3863619267940521,layer2.0,7,0.7334576742999233,P,9.0,L,V4,Chabo,-1.4000000000000001,1.8,1.0
702,Chabo_L_P_2_0,V4,8,0.3699948787689209,layer2.0,7,0.6158952364107715,P,0.0,L,V4,Chabo,-1.0,-1.8,2.0
703,Chabo_L_P_2_1,V4,9,0.3020770251750946,layer2.0,7,0.34114224194081744,P,1.0,L,V4,Chabo,-1.0,-1.4000000000000001,2.0
704,Chabo_L_P_2_4,V4,10,0.25871777534484863,layer2.0,7,0.5197181658882813,P,4.0,L,V4,Chabo,-1.0,-0.2,2.0
705,Chabo_L_P_2_6,V4,11,0.23354065418243408,layer2.0,7,0.4740848546309995,P,6.0,L,V4,Chabo,-1.0,0.6000000000000001,2.0
706,Chabo_L_P_2_7,V4,12,0.21483959257602692,layer2.0,7,0.27065380139474327,P,7.0,L,V4,Chabo,-1.0,1.0,2.0
707,Chabo_L_P_2_8,V4,13,0.20041781663894653,layer2.0,7,0.267666563370203,P,8.0,L,V4,Chabo,-1.0,1.4000000000000001,2.0
708,Chabo_L_P_2_9,V4,14,0.17971989512443542,layer2.0,7,0.3112308296130273,P,9.0,L,V4,Chabo,-1.0,1.8,2.0
709,Chabo_L_P_3_0,V4,15,0.1617906540632248,layer2.0,7,0.4203586692381336,P,0.0,L,V4,Chabo,-0.6000000000000001,-1.8,3.0
710,Chabo_L_P_3_1,V4,16,0.14348383247852325,layer2.0,7,0.3160287179865603,P,1.0,L,V4,Chabo,-0.6000000000000001,-1.4000000000000001,3.0
711,Chabo_L_P_3_5,V4,17,0.12025758624076843,layer2.0,7,0.25024000221263515,P,5.0,L,V4,Chabo,-0.6000000000000001,0.2,3.0
712,Chabo_L_P_3_7,V4,18,0.11258666217327118,layer2.0,7,0.15768975592847226,P,7.0,L,V4,Chabo,-0.6000000000000001,1.0,3.0
713,Chabo_L_P_3_9,V4,19,0.10354252904653549,layer2.0,7,0.20427281201212144,P,9.0,L,V4,Chabo,-0.6000000000000001,1.8,3.0
714,Chabo_L_P_4_2,V4,20,0.08750873059034348,layer2.0,7,0.19244499741891039,P,2.0,L,V4,Chabo,-0.2,-1.0,4.0
715,Chabo_L_P_4_5,V4,21,0.07274828106164932,layer2.0,7,0.16021244319689537,P,5.0,L,V4,Chabo,-0.2,0.2,4.0
716,Chabo_L_P_0_2,V4,0,5.880706787109375,layer2.0,8,0.8593709356612731,P,2.0,L,V4,Chabo,-1.8,-1.0,0.0
717,Chabo_L_P_0_3,V4,1,1.980441927909851,layer2.0,8,0.8296544893832443,P,3.0,L,V4,Chabo,-1.8,-0.6000000000000001,0.0
718,Chabo_L_P_0_6,V4,2,1.155991792678833,layer2.0,8,0.8141699080902975,P,6.0,L,V4,Chabo,-1.8,0.6000000000000001,0.0
719,Chabo_L_P_1_0,V4,3,0.9041620492935181,layer2.0,8,0.7156167309929655,P,0.0,L,V4,Chabo,-1.4000000000000001,-1.8,1.0
720,Chabo_L_P_1_2,V4,4,0.6592646837234497,layer2.0,8,0.7129318953948163,P,2.0,L,V4,Chabo,-1.4000000000000001,-1.0,1.0
721,Chabo_L_P_1_4,V4,5,0.5022690892219543,layer2.0,8,0.5328009181505831,P,4.0,L,V4,Chabo,-1.4000000000000001,-0.2,1.0
722,Chabo_L_P_1_5,V4,6,0.4566143751144409,layer2.0,8,0.629469040485197,P,5.0,L,V4,Chabo,-1.4000000000000001,0.2,1.0
723,Chabo_L_P_1_9,V4,7,0.3863619267940521,layer2.0,8,0.6245664804133954,P,9.0,L,V4,Chabo,-1.4000000000000001,1.8,1.0
724,Chabo_L_P_2_0,V4,8,0.3699948787689209,layer2.0,8,0.5693524830217143,P,0.0,L,V4,Chabo,-1.0,-1.8,2.0
725,Chabo_L_P_2_1,V4,9,0.3020770251750946,layer2.0,8,0.3835172921010168,P,1.0,L,V4,Chabo,-1.0,-1.4000000000000001,2.0
726,Chabo_L_P_2_4,V4,10,0.25871777534484863,layer2.0,8,0.4668637900679945,P,4.0,L,V4,Chabo,-1.0,-0.2,2.0
727,Chabo_L_P_2_6,V4,11,0.23354065418243408,layer2.0,8,0.43002070962753486,P,6.0,L,V4,Chabo,-1.0,0.6000000000000001,2.0
728,Chabo_L_P_2_7,V4,12,0.21483959257602692,layer2.0,8,0.21896234607376203,P,7.0,L,V4,Chabo,-1.0,1.0,2.0
729,Chabo_L_P_2_8,V4,13,0.20041781663894653,layer2.0,8,0.25540759839997235,P,8.0,L,V4,Chabo,-1.0,1.4000000000000001,2.0
730,Chabo_L_P_2_9,V4,14,0.17971989512443542,layer2.0,8,0.19198132192116601,P,9.0,L,V4,Chabo,-1.0,1.8,2.0
731,Chabo_L_P_3_0,V4,15,0.1617906540632248,layer2.0,8,0.4605962150344778,P,0.0,L,V4,Chabo,-0.6000000000000001,-1.8,3.0
732,Chabo_L_P_3_1,V4,16,0.14348383247852325,layer2.0,8,0.3025615842241399,P,1.0,L,V4,Chabo,-0.6000000000000001,-1.4000000000000001,3.0
733,Chabo_L_P_3_5,V4,17,0.12025758624076843,layer2.0,8,0.28659262981385214,P,5.0,L,V4,Chabo,-0.6000000000000001,0.2,3.0
734,Chabo_L_P_3_7,V4,18,0.11258666217327118,layer2.0,8,0.15162803183313764,P,7.0,L,V4,Chabo,-0.6000000000000001,1.0,3.0
735,Chabo_L_P_3_9,V4,19,0.10354252904653549,layer2.0,8,0.23171582869806645,P,9.0,L,V4,Chabo,-0.6000000000000001,1.8,3.0
736,Chabo_L_P_4_2,V4,20,0.08750873059034348,layer2.0,8,0.21529653819265565,P,2.0,L,V4,Chabo,-0.2,-1.0,4.0
737,Chabo_L_P_4_5,V4,21,0.07274828106164932,layer2.0,8,0.16029248977015473,P,5.0,L,V4,Chabo,-0.2,0.2,4.0
738,Chabo_L_P_0_2,V4,0,5.880706787109375,layer2.0,9,0.8934278819775802,P,2.0,L,V4,Chabo,-1.8,-1.0,0.0
739,Chabo_L_P_0_3,V4,1,1.980441927909851,layer2.0,9,0.8449831263261416,P,3.0,L,V4,Chabo,-1.8,-0.6000000000000001,0.0
740,Chabo_L_P_0_6,V4,2,1.155991792678833,layer2.0,9,0.8339467635381852,P,6.0,L,V4,Chabo,-1.8,0.6000000000000001,0.0
741,Chabo_L_P_1_0,V4,3,0.9041620492935181,layer2.0,9,0.7074186534005913,P,0.0,L,V4,Chabo,-1.4000000000000001,-1.8,1.0
742,Chabo_L_P_1_2,V4,4,0.6592646837234497,layer2.0,9,0.7084014040120323,P,2.0,L,V4,Chabo,-1.4000000000000001,-1.0,1.0
743,Chabo_L_P_1_4,V4,5,0.5022690892219543,layer2.0,9,0.5754327539974828,P,4.0,L,V4,Chabo,-1.4000000000000001,-0.2,1.0
744,Chabo_L_P_1_5,V4,6,0.4566143751144409,layer2.0,9,0.686984453817125,P,5.0,L,V4,Chabo,-1.4000000000000001,0.2,1.0
745,Chabo_L_P_1_9,V4,7,0.3863619267940521,layer2.0,9,0.6659664949488207,P,9.0,L,V4,Chabo,-1.4000000000000001,1.8,1.0
746,Chabo_L_P_2_0,V4,8,0.3699948787689209,layer2.0,9,0.6010854144927207,P,0.0,L,V4,Chabo,-1.0,-1.8,2.0
747,Chabo_L_P_2_1,V4,9,0.3020770251750946,layer2.0,9,0.4382383895742736,P,1.0,L,V4,Chabo,-1.0,-1.4000000000000001,2.0
748,Chabo_L_P_2_4,V4,10,0.25871777534484863,layer2.0,9,0.4110889985781728,P,4.0,L,V4,Chabo,-1.0,-0.2,2.0
749,Chabo_L_P_2_6,V4,11,0.23354065418243408,layer2.0,9,0.3409826526785491,P,6.0,L,V4,Chabo,-1.0,0.6000000000000001,2.0
750,Chabo_L_P_2_7,V4,12,0.21483959257602692,layer2.0,9,0.31778034664056254,P,7.0,L,V4,Chabo,-1.0,1.0,2.0
751,Chabo_L_P_2_8,V4,13,0.20041781663894653,layer2.0,9,0.34361475685023946,P,8.0,L,V4,Chabo,-1.0,1.4000000000000001,2.0
752,Chabo_L_P_2_9,V4,14,0.17971989512443542,layer2.0,9,0.20387439197842117,P,9.0,L,V4,Chabo,-1.0,1.8,2.0
753,Chabo_L_P_3_0,V4,15,0.1617906540632248,layer2.0,9,0.4224254402662894,P,0.0,L,V4,Chabo,-0.6000000000000001,-1.8,3.0
754,Chabo_L_P_3_1,V4,16,0.14348383247852325,layer2.0,9,0.3360634097941564,P,1.0,L,V4,Chabo,-0.6000000000000001,-1.4000000000000001,3.0
755,Chabo_L_P_3_5,V4,17,0.12025758624076843,layer2.0,9,0.31164087592912126,P,5.0,L,V4,Chabo,-0.6000000000000001,0.2,3.0
756,Chabo_L_P_3_7,V4,18,0.11258666217327118,layer2.0,9,0.1850451305630626,P,7.0,L,V4,Chabo,-0.6000000000000001,1.0,3.0
757,Chabo_L_P_3_9,V4,19,0.10354252904653549,layer2.0,9,0.3097696630591299,P,9.0,L,V4,Chabo,-0.6000000000000001,1.8,3.0
758,Chabo_L_P_4_2,V4,20,0.08750873059034348,layer2.0,9,0.2699077443747544,P,2.0,L,V4,Chabo,-0.2,-1.0,4.0
759,Chabo_L_P_4_5,V4,21,0.07274828106164932,layer2.0,9,0.11853991225364106,P,5.0,L,V4,Chabo,-0.2,0.2,4.0
760,Chabo_L_P_0_2,V4,0,5.880706787109375,layer3.0,0,0.8729016640138936,P,2.0,L,V4,Chabo,-1.8,-1.0,0.0
761,Chabo_L_P_0_3,V4,1,1.980441927909851,layer3.0,0,0.8625385511023795,P,3.0,L,V4,Chabo,-1.8,-0.6000000000000001,0.0
762,Chabo_L_P_0_6,V4,2,1.155991792678833,layer3.0,0,0.8257682358202334,P,6.0,L,V4,Chabo,-1.8,0.6000000000000001,0.0
763,Chabo_L_P_1_0,V4,3,0.9041620492935181,layer3.0,0,0.6859990154599593,P,0.0,L,V4,Chabo,-1.4000000000000001,-1.8,1.0
764,Chabo_L_P_1_2,V4,4,0.6592646837234497,layer3.0,0,0.5686528445387202,P,2.0,L,V4,Chabo,-1.4000000000000001,-1.0,1.0
765,Chabo_L_P_1_4,V4,5,0.5022690892219543,layer3.0,0,0.5540641026224342,P,4.0,L,V4,Chabo,-1.4000000000000001,-0.2,1.0
766,Chabo_L_P_1_5,V4,6,0.4566143751144409,layer3.0,0,0.5360438233557221,P,5.0,L,V4,Chabo,-1.4000000000000001,0.2,1.0
767,Chabo_L_P_1_9,V4,7,0.3863619267940521,layer3.0,0,0.5481580700671376,P,9.0,L,V4,Chabo,-1.4000000000000001,1.8,1.0
768,Chabo_L_P_2_0,V4,8,0.3699948787689209,layer3.0,0,0.5462637046301073,P,0.0,L,V4,Chabo,-1.0,-1.8,2.0
769,Chabo_L_P_2_1,V4,9,0.3020770251750946,layer3.0,0,0.3867909300993721,P,1.0,L,V4,Chabo,-1.0,-1.4000000000000001,2.0
770,Chabo_L_P_2_4,V4,10,0.25871777534484863,layer3.0,0,0.4384892128340684,P,4.0,L,V4,Chabo,-1.0,-0.2,2.0
771,Chabo_L_P_2_6,V4,11,0.23354065418243408,layer3.0,0,0.4005633465904539,P,6.0,L,V4,Chabo,-1.0,0.6000000000000001,2.0
772,Chabo_L_P_2_7,V4,12,0.21483959257602692,layer3.0,0,0.35354606385813897,P,7.0,L,V4,Chabo,-1.0,1.0,2.0
773,Chabo_L_P_2_8,V4,13,0.20041781663894653,layer3.0,0,0.3149709312412811,P,8.0,L,V4,Chabo,-1.0,1.4000000000000001,2.0
774,Chabo_L_P_2_9,V4,14,0.17971989512443542,layer3.0,0,0.31302330023755764,P,9.0,L,V4,Chabo,-1.0,1.8,2.0
775,Chabo_L_P_3_0,V4,15,0.1617906540632248,layer3.0,0,0.3676297355890995,P,0.0,L,V4,Chabo,-0.6000000000000001,-1.8,3.0
776,Chabo_L_P_3_1,V4,16,0.14348383247852325,layer3.0,0,0.32991782316622953,P,1.0,L,V4,Chabo,-0.6000000000000001,-1.4000000000000001,3.0
777,Chabo_L_P_3_5,V4,17,0.12025758624076843,layer3.0,0,0.22159035490878123,P,5.0,L,V4,Chabo,-0.6000000000000001,0.2,3.0
778,Chabo_L_P_3_7,V4,18,0.11258666217327118,layer3.0,0,0.13794155770240277,P,7.0,L,V4,Chabo,-0.6000000000000001,1.0,3.0
779,Chabo_L_P_3_9,V4,19,0.10354252904653549,layer3.0,0,0.25635014158397784,P,9.0,L,V4,Chabo,-0.6000000000000001,1.8,3.0
780,Chabo_L_P_4_2,V4,20,0.08750873059034348,layer3.0,0,0.16152123220877812,P,2.0,L,V4,Chabo,-0.2,-1.0,4.0
781,Chabo_L_P_4_5,V4,21,0.07274828106164932,layer3.0,0,0.20453875978214633,P,5.0,L,V4,Chabo,-0.2,0.2,4.0
782,Chabo_L_P_0_2,V4,0,5.880706787109375,layer3.0,1,0.8497583542931462,P,2.0,L,V4,Chabo,-1.8,-1.0,0.0
783,Chabo_L_P_0_3,V4,1,1.980441927909851,layer3.0,1,0.8372997945207371,P,3.0,L,V4,Chabo,-1.8,-0.6000000000000001,0.0
784,Chabo_L_P_0_6,V4,2,1.155991792678833,layer3.0,1,0.8057115593925568,P,6.0,L,V4,Chabo,-1.8,0.6000000000000001,0.0
785,Chabo_L_P_1_0,V4,3,0.9041620492935181,layer3.0,1,0.6131501918566574,P,0.0,L,V4,Chabo,-1.4000000000000001,-1.8,1.0
786,Chabo_L_P_1_2,V4,4,0.6592646837234497,layer3.0,1,0.5331909651017922,P,2.0,L,V4,Chabo,-1.4000000000000001,-1.0,1.0
787,Chabo_L_P_1_4,V4,5,0.5022690892219543,layer3.0,1,0.5574466428586949,P,4.0,L,V4,Chabo,-1.4000000000000001,-0.2,1.0
788,Chabo_L_P_1_5,V4,6,0.4566143751144409,layer3.0,1,0.5671266116614286,P,5.0,L,V4,Chabo,-1.4000000000000001,0.2,1.0
789,Chabo_L_P_1_9,V4,7,0.3863619267940521,layer3.0,1,0.5497878346376412,P,9.0,L,V4,Chabo,-1.4000000000000001,1.8,1.0
790,Chabo_L_P_2_0,V4,8,0.3699948787689209,layer3.0,1,0.5679912541880918,P,0.0,L,V4,Chabo,-1.0,-1.8,2.0
791,Chabo_L_P_2_1,V4,9,0.3020770251750946,layer3.0,1,0.34683138338732433,P,1.0,L,V4,Chabo,-1.0,-1.4000000000000001,2.0
792,Chabo_L_P_2_4,V4,10,0.25871777534484863,layer3.0,1,0.41738019718808583,P,4.0,L,V4,Chabo,-1.0,-0.2,2.0
793,Chabo_L_P_2_6,V4,11,0.23354065418243408,layer3.0,1,0.4012639174922452,P,6.0,L,V4,Chabo,-1.0,0.6000000000000001,2.0
794,Chabo_L_P_2_7,V4,12,0.21483959257602692,layer3.0,1,0.321941570264457,P,7.0,L,V4,Chabo,-1.0,1.0,2.0
795,Chabo_L_P_2_8,V4,13,0.20041781663894653,layer3.0,1,0.316078922555187,P,8.0,L,V4,Chabo,-1.0,1.4000000000000001,2.0
796,Chabo_L_P_2_9,V4,14,0.17971989512443542,layer3.0,1,0.2843323800881007,P,9.0,L,V4,Chabo,-1.0,1.8,2.0
797,Chabo_L_P_3_0,V4,15,0.1617906540632248,layer3.0,1,0.4054154895887641,P,0.0,L,V4,Chabo,-0.6000000000000001,-1.8,3.0
798,Chabo_L_P_3_1,V4,16,0.14348383247852325,layer3.0,1,0.2649050833456195,P,1.0,L,V4,Chabo,-0.6000000000000001,-1.4000000000000001,3.0
799,Chabo_L_P_3_5,V4,17,0.12025758624076843,layer3.0,1,0.25471127837470153,P,5.0,L,V4,Chabo,-0.6000000000000001,0.2,3.0
800,Chabo_L_P_3_7,V4,18,0.11258666217327118,layer3.0,1,0.08489471926208877,P,7.0,L,V4,Chabo,-0.6000000000000001,1.0,3.0
801,Chabo_L_P_3_9,V4,19,0.10354252904653549,layer3.0,1,0.2809183825379538,P,9.0,L,V4,Chabo,-0.6000000000000001,1.8,3.0
802,Chabo_L_P_4_2,V4,20,0.08750873059034348,layer3.0,1,0.15246853347491635,P,2.0,L,V4,Chabo,-0.2,-1.0,4.0
803,Chabo_L_P_4_5,V4,21,0.07274828106164932,layer3.0,1,0.16218547681853135,P,5.0,L,V4,Chabo,-0.2,0.2,4.0
804,Chabo_L_P_0_2,V4,0,5.880706787109375,layer3.0,2,0.8740963969987763,P,2.0,L,V4,Chabo,-1.8,-1.0,0.0
805,Chabo_L_P_0_3,V4,1,1.980441927909851,layer3.0,2,0.880977042848549,P,3.0,L,V4,Chabo,-1.8,-0.6000000000000001,0.0
806,Chabo_L_P_0_6,V4,2,1.155991792678833,layer3.0,2,0.770250868607278,P,6.0,L,V4,Chabo,-1.8,0.6000000000000001,0.0
807,Chabo_L_P_1_0,V4,3,0.9041620492935181,layer3.0,2,0.68966195636718,P,0.0,L,V4,Chabo,-1.4000000000000001,-1.8,1.0
808,Chabo_L_P_1_2,V4,4,0.6592646837234497,layer3.0,2,0.5740354860595216,P,2.0,L,V4,Chabo,-1.4000000000000001,-1.0,1.0
809,Chabo_L_P_1_4,V4,5,0.5022690892219543,layer3.0,2,0.5195388372303115,P,4.0,L,V4,Chabo,-1.4000000000000001,-0.2,1.0
810,Chabo_L_P_1_5,V4,6,0.4566143751144409,layer3.0,2,0.4761255009879536,P,5.0,L,V4,Chabo,-1.4000000000000001,0.2,1.0
811,Chabo_L_P_1_9,V4,7,0.3863619267940521,layer3.0,2,0.5068575889048775,P,9.0,L,V4,Chabo,-1.4000000000000001,1.8,1.0
812,Chabo_L_P_2_0,V4,8,0.3699948787689209,layer3.0,2,0.5672583471379768,P,0.0,L,V4,Chabo,-1.0,-1.8,2.0
813,Chabo_L_P_2_1,V4,9,0.3020770251750946,layer3.0,2,0.3719421185740905,P,1.0,L,V4,Chabo,-1.0,-1.4000000000000001,2.0
814,Chabo_L_P_2_4,V4,10,0.25871777534484863,layer3.0,2,0.35147767976553324,P,4.0,L,V4,Chabo,-1.0,-0.2,2.0
815,Chabo_L_P_2_6,V4,11,0.23354065418243408,layer3.0,2,0.33879391802422915,P,6.0,L,V4,Chabo,-1.0,0.6000000000000001,2.0
816,Chabo_L_P_2_7,V4,12,0.21483959257602692,layer3.0,2,0.2561079036735411,P,7.0,L,V4,Chabo,-1.0,1.0,2.0
817,Chabo_L_P_2_8,V4,13,0.20041781663894653,layer3.0,2,0.28842408990749,P,8.0,L,V4,Chabo,-1.0,1.4000000000000001,2.0
818,Chabo_L_P_2_9,V4,14,0.17971989512443542,layer3.0,2,0.24376991126068087,P,9.0,L,V4,Chabo,-1.0,1.8,2.0
819,Chabo_L_P_3_0,V4,15,0.1617906540632248,layer3.0,2,0.4304943129012244,P,0.0,L,V4,Chabo,-0.6000000000000001,-1.8,3.0
820,Chabo_L_P_3_1,V4,16,0.14348383247852325,layer3.0,2,0.29728872532653644,P,1.0,L,V4,Chabo,-0.6000000000000001,-1.4000000000000001,3.0
821,Chabo_L_P_3_5,V4,17,0.12025758624076843,layer3.0,2,0.2897662600719329,P,5.0,L,V4,Chabo,-0.6000000000000001,0.2,3.0
822,Chabo_L_P_3_7,V4,18,0.11258666217327118,layer3.0,2,0.2619546340832507,P,7.0,L,V4,Chabo,-0.6000000000000001,1.0,3.0
823,Chabo_L_P_3_9,V4,19,0.10354252904653549,layer3.0,2,0.270837227410244,P,9.0,L,V4,Chabo,-0.6000000000000001,1.8,3.0
824,Chabo_L_P_4_2,V4,20,0.08750873059034348,layer3.0,2,0.2530605431704612,P,2.0,L,V4,Chabo,-0.2,-1.0,4.0
825,Chabo_L_P_4_5,V4,21,0.07274828106164932,layer3.0,2,0.18250140716971613,P,5.0,L,V4,Chabo,-0.2,0.2,4.0
826,Chabo_L_P_0_2,V4,0,5.880706787109375,layer3.0,3,0.8647999379446751,P,2.0,L,V4,Chabo,-1.8,-1.0,0.0
827,Chabo_L_P_0_3,V4,1,1.980441927909851,layer3.0,3,0.8573503918887844,P,3.0,L,V4,Chabo,-1.8,-0.6000000000000001,0.0
828,Chabo_L_P_0_6,V4,2,1.155991792678833,layer3.0,3,0.8095726599347743,P,6.0,L,V4,Chabo,-1.8,0.6000000000000001,0.0
829,Chabo_L_P_1_0,V4,3,0.9041620492935181,layer3.0,3,0.62805187839049,P,0.0,L,V4,Chabo,-1.4000000000000001,-1.8,1.0
830,Chabo_L_P_1_2,V4,4,0.6592646837234497,layer3.0,3,0.612609481792429,P,2.0,L,V4,Chabo,-1.4000000000000001,-1.0,1.0
831,Chabo_L_P_1_4,V4,5,0.5022690892219543,layer3.0,3,0.576667667240782,P,4.0,L,V4,Chabo,-1.4000000000000001,-0.2,1.0
832,Chabo_L_P_1_5,V4,6,0.4566143751144409,layer3.0,3,0.5208984007139734,P,5.0,L,V4,Chabo,-1.4000000000000001,0.2,1.0
833,Chabo_L_P_1_9,V4,7,0.3863619267940521,layer3.0,3,0.6161323696700536,P,9.0,L,V4,Chabo,-1.4000000000000001,1.8,1.0
834,Chabo_L_P_2_0,V4,8,0.3699948787689209,layer3.0,3,0.6099086124857608,P,0.0,L,V4,Chabo,-1.0,-1.8,2.0
835,Chabo_L_P_2_1,V4,9,0.3020770251750946,layer3.0,3,0.34623642602085475,P,1.0,L,V4,Chabo,-1.0,-1.4000000000000001,2.0
836,Chabo_L_P_2_4,V4,10,0.25871777534484863,layer3.0,3,0.4351797448713185,P,4.0,L,V4,Chabo,-1.0,-0.2,2.0
837,Chabo_L_P_2_6,V4,11,0.23354065418243408,layer3.0,3,0.34465571511262444,P,6.0,L,V4,Chabo,-1.0,0.6000000000000001,2.0
838,Chabo_L_P_2_7,V4,12,0.21483959257602692,layer3.0,3,0.3921758347559591,P,7.0,L,V4,Chabo,-1.0,1.0,2.0
839,Chabo_L_P_2_8,V4,13,0.20041781663894653,layer3.0,3,0.31627906341444617,P,8.0,L,V4,Chabo,-1.0,1.4000000000000001,2.0
840,Chabo_L_P_2_9,V4,14,0.17971989512443542,layer3.0,3,0.17762658490780303,P,9.0,L,V4,Chabo,-1.0,1.8,2.0
841,Chabo_L_P_3_0,V4,15,0.1617906540632248,layer3.0,3,0.4214309199743357,P,0.0,L,V4,Chabo,-0.6000000000000001,-1.8,3.0
842,Chabo_L_P_3_1,V4,16,0.14348383247852325,layer3.0,3,0.3299696661930085,P,1.0,L,V4,Chabo,-0.6000000000000001,-1.4000000000000001,3.0
843,Chabo_L_P_3_5,V4,17,0.12025758624076843,layer3.0,3,0.27274873616042583,P,5.0,L,V4,Chabo,-0.6000000000000001,0.2,3.0
844,Chabo_L_P_3_7,V4,18,0.11258666217327118,layer3.0,3,0.08888522795080904,P,7.0,L,V4,Chabo,-0.6000000000000001,1.0,3.0
845,Chabo_L_P_3_9,V4,19,0.10354252904653549,layer3.0,3,0.31692148146190224,P,9.0,L,V4,Chabo,-0.6000000000000001,1.8,3.0
846,Chabo_L_P_4_2,V4,20,0.08750873059034348,layer3.0,3,0.16007163166340543,P,2.0,L,V4,Chabo,-0.2,-1.0,4.0
847,Chabo_L_P_4_5,V4,21,0.07274828106164932,layer3.0,3,0.26664666626392064,P,5.0,L,V4,Chabo,-0.2,0.2,4.0
848,Chabo_L_P_0_2,V4,0,5.880706787109375,layer3.0,4,0.8404678006182973,P,2.0,L,V4,Chabo,-1.8,-1.0,0.0
849,Chabo_L_P_0_3,V4,1,1.980441927909851,layer3.0,4,0.860459329379601,P,3.0,L,V4,Chabo,-1.8,-0.6000000000000001,0.0
850,Chabo_L_P_0_6,V4,2,1.155991792678833,layer3.0,4,0.7861716892091213,P,6.0,L,V4,Chabo,-1.8,0.6000000000000001,0.0
851,Chabo_L_P_1_0,V4,3,0.9041620492935181,layer3.0,4,0.680158273692725,P,0.0,L,V4,Chabo,-1.4000000000000001,-1.8,1.0
852,Chabo_L_P_1_2,V4,4,0.6592646837234497,layer3.0,4,0.5903813930039454,P,2.0,L,V4,Chabo,-1.4000000000000001,-1.0,1.0
853,Chabo_L_P_1_4,V4,5,0.5022690892219543,layer3.0,4,0.6219687407893995,P,4.0,L,V4,Chabo,-1.4000000000000001,-0.2,1.0
854,Chabo_L_P_1_5,V4,6,0.4566143751144409,layer3.0,4,0.5077823759523394,P,5.0,L,V4,Chabo,-1.4000000000000001,0.2,1.0
855,Chabo_L_P_1_9,V4,7,0.3863619267940521,layer3.0,4,0.5154770910607178,P,9.0,L,V4,Chabo,-1.4000000000000001,1.8,1.0
856,Chabo_L_P_2_0,V4,8,0.3699948787689209,layer3.0,4,0.6380562400915426,P,0.0,L,V4,Chabo,-1.0,-1.8,2.0
857,Chabo_L_P_2_1,V4,9,0.3020770251750946,layer3.0,4,0.42562281954249803,P,1.0,L,V4,Chabo,-1.0,-1.4000000000000001,2.0
858,Chabo_L_P_2_4,V4,10,0.25871777534484863,layer3.0,4,0.4764313412193496,P,4.0,L,V4,Chabo,-1.0,-0.2,2.0
859,Chabo_L_P_2_6,V4,11,0.23354065418243408,layer3.0,4,0.31784369435720816,P,6.0,L,V4,Chabo,-1.0,0.6000000000000001,2.0
860,Chabo_L_P_2_7,V4,12,0.21483959257602692,layer3.0,4,0.30973967885594994,P,7.0,L,V4,Chabo,-1.0,1.0,2.0
861,Chabo_L_P_2_8,V4,13,0.20041781663894653,layer3.0,4,0.2956563838415084,P,8.0,L,V4,Chabo,-1.0,1.4000000000000001,2.0
862,Chabo_L_P_2_9,V4,14,0.17971989512443542,layer3.0,4,0.30173941531014226,P,9.0,L,V4,Chabo,-1.0,1.8,2.0
863,Chabo_L_P_3_0,V4,15,0.1617906540632248,layer3.0,4,0.36618033251168836,P,0.0,L,V4,Chabo,-0.6000000000000001,-1.8,3.0
864,Chabo_L_P_3_1,V4,16,0.14348383247852325,layer3.0,4,0.24662450021244442,P,1.0,L,V4,Chabo,-0.6000000000000001,-1.4000000000000001,3.0
865,Chabo_L_P_3_5,V4,17,0.12025758624076843,layer3.0,4,0.4007109941684189,P,5.0,L,V4,Chabo,-0.6000000000000001,0.2,3.0
866,Chabo_L_P_3_7,V4,18,0.11258666217327118,layer3.0,4,0.24530590011178233,P,7.0,L,V4,Chabo,-0.6000000000000001,1.0,3.0
867,Chabo_L_P_3_9,V4,19,0.10354252904653549,layer3.0,4,0.1981094988362487,P,9.0,L,V4,Chabo,-0.6000000000000001,1.8,3.0
868,Chabo_L_P_4_2,V4,20,0.08750873059034348,layer3.0,4,0.17906191724186266,P,2.0,L,V4,Chabo,-0.2,-1.0,4.0
869,Chabo_L_P_4_5,V4,21,0.07274828106164932,layer3.0,4,0.10500331519442244,P,5.0,L,V4,Chabo,-0.2,0.2,4.0
870,Chabo_L_P_0_2,V4,0,5.880706787109375,layer3.0,5,0.8843207409502856,P,2.0,L,V4,Chabo,-1.8,-1.0,0.0
871,Chabo_L_P_0_3,V4,1,1.980441927909851,layer3.0,5,0.8491385080678995,P,3.0,L,V4,Chabo,-1.8,-0.6000000000000001,0.0
872,Chabo_L_P_0_6,V4,2,1.155991792678833,layer3.0,5,0.7915912172767846,P,6.0,L,V4,Chabo,-1.8,0.6000000000000001,0.0
873,Chabo_L_P_1_0,V4,3,0.9041620492935181,layer3.0,5,0.6807750086743876,P,0.0,L,V4,Chabo,-1.4000000000000001,-1.8,1.0
874,Chabo_L_P_1_2,V4,4,0.6592646837234497,layer3.0,5,0.5255117626384996,P,2.0,L,V4,Chabo,-1.4000000000000001,-1.0,1.0
875,Chabo_L_P_1_4,V4,5,0.5022690892219543,layer3.0,5,0.5512086022082691,P,4.0,L,V4,Chabo,-1.4000000000000001,-0.2,1.0
876,Chabo_L_P_1_5,V4,6,0.4566143751144409,layer3.0,5,0.5198478553332888,P,5.0,L,V4,Chabo,-1.4000000000000001,0.2,1.0
877,Chabo_L_P_1_9,V4,7,0.3863619267940521,layer3.0,5,0.5341822076532756,P,9.0,L,V4,Chabo,-1.4000000000000001,1.8,1.0
878,Chabo_L_P_2_0,V4,8,0.3699948787689209,layer3.0,5,0.614345552470301,P,0.0,L,V4,Chabo,-1.0,-1.8,2.0
879,Chabo_L_P_2_1,V4,9,0.3020770251750946,layer3.0,5,0.3513153935380797,P,1.0,L,V4,Chabo,-1.0,-1.4000000000000001,2.0
880,Chabo_L_P_2_4,V4,10,0.25871777534484863,layer3.0,5,0.39180924488562807,P,4.0,L,V4,Chabo,-1.0,-0.2,2.0
881,Chabo_L_P_2_6,V4,11,0.23354065418243408,layer3.0,5,0.27850573924797284,P,6.0,L,V4,Chabo,-1.0,0.6000000000000001,2.0
882,Chabo_L_P_2_7,V4,12,0.21483959257602692,layer3.0,5,0.3316276104025674,P,7.0,L,V4,Chabo,-1.0,1.0,2.0
883,Chabo_L_P_2_8,V4,13,0.20041781663894653,layer3.0,5,0.3309600969013471,P,8.0,L,V4,Chabo,-1.0,1.4000000000000001,2.0
884,Chabo_L_P_2_9,V4,14,0.17971989512443542,layer3.0,5,0.24530226678884925,P,9.0,L,V4,Chabo,-1.0,1.8,2.0
885,Chabo_L_P_3_0,V4,15,0.1617906540632248,layer3.0,5,0.4283578697261903,P,0.0,L,V4,Chabo,-0.6000000000000001,-1.8,3.0
886,Chabo_L_P_3_1,V4,16,0.14348383247852325,layer3.0,5,0.25621856612621263,P,1.0,L,V4,Chabo,-0.6000000000000001,-1.4000000000000001,3.0
887,Chabo_L_P_3_5,V4,17,0.12025758624076843,layer3.0,5,0.21997925365106452,P,5.0,L,V4,Chabo,-0.6000000000000001,0.2,3.0
888,Chabo_L_P_3_7,V4,18,0.11258666217327118,layer3.0,5,0.05444976380843548,P,7.0,L,V4,Chabo,-0.6000000000000001,1.0,3.0
889,Chabo_L_P_3_9,V4,19,0.10354252904653549,layer3.0,5,0.28865724363705103,P,9.0,L,V4,Chabo,-0.6000000000000001,1.8,3.0
890,Chabo_L_P_4_2,V4,20,0.08750873059034348,layer3.0,5,0.21069854028644844,P,2.0,L,V4,Chabo,-0.2,-1.0,4.0
891,Chabo_L_P_4_5,V4,21,0.07274828106164932,layer3.0,5,0.3252086789378832,P,5.0,L,V4,Chabo,-0.2,0.2,4.0
892,Chabo_L_P_0_2,V4,0,5.880706787109375,layer3.0,6,0.8679210740174113,P,2.0,L,V4,Chabo,-1.8,-1.0,0.0
893,Chabo_L_P_0_3,V4,1,1.980441927909851,layer3.0,6,0.8461126946120571,P,3.0,L,V4,Chabo,-1.8,-0.6000000000000001,0.0
894,Chabo_L_P_0_6,V4,2,1.155991792678833,layer3.0,6,0.8435602757804819,P,6.0,L,V4,Chabo,-1.8,0.6000000000000001,0.0
895,Chabo_L_P_1_0,V4,3,0.9041620492935181,layer3.0,6,0.689683752193487,P,0.0,L,V4,Chabo,-1.4000000000000001,-1.8,1.0
896,Chabo_L_P_1_2,V4,4,0.6592646837234497,layer3.0,6,0.6078246063314967,P,2.0,L,V4,Chabo,-1.4000000000000001,-1.0,1.0
897,Chabo_L_P_1_4,V4,5,0.5022690892219543,layer3.0,6,0.5715092592005377,P,4.0,L,V4,Chabo,-1.4000000000000001,-0.2,1.0
898,Chabo_L_P_1_5,V4,6,0.4566143751144409,layer3.0,6,0.5242288091834664,P,5.0,L,V4,Chabo,-1.4000000000000001,0.2,1.0
899,Chabo_L_P_1_9,V4,7,0.3863619267940521,layer3.0,6,0.48641524867298436,P,9.0,L,V4,Chabo,-1.4000000000000001,1.8,1.0
900,Chabo_L_P_2_0,V4,8,0.3699948787689209,layer3.0,6,0.6080644490488891,P,0.0,L,V4,Chabo,-1.0,-1.8,2.0
901,Chabo_L_P_2_1,V4,9,0.3020770251750946,layer3.0,6,0.3762364980540033,P,1.0,L,V4,Chabo,-1.0,-1.4000000000000001,2.0
902,Chabo_L_P_2_4,V4,10,0.25871777534484863,layer3.0,6,0.42620076154590536,P,4.0,L,V4,Chabo,-1.0,-0.2,2.0
903,Chabo_L_P_2_6,V4,11,0.23354065418243408,layer3.0,6,0.25988805800134446,P,6.0,L,V4,Chabo,-1.0,0.6000000000000001,2.0
904,Chabo_L_P_2_7,V4,12,0.21483959257602692,layer3.0,6,0.2663799314123537,P,7.0,L,V4,Chabo,-1.0,1.0,2.0
905,Chabo_L_P_2_8,V4,13,0.20041781663894653,layer3.0,6,0.25740648167338687,P,8.0,L,V4,Chabo,-1.0,1.4000000000000001,2.0
906,Chabo_L_P_2_9,V4,14,0.17971989512443542,layer3.0,6,0.31914077564769316,P,9.0,L,V4,Chabo,-1.0,1.8,2.0
907,Chabo_L_P_3_0,V4,15,0.1617906540632248,layer3.0,6,0.393651946240007,P,0.0,L,V4,Chabo,-0.6000000000000001,-1.8,3.0
908,Chabo_L_P_3_1,V4,16,0.14348383247852325,layer3.0,6,0.22986484445967834,P,1.0,L,V4,Chabo,-0.6000000000000001,-1.4000000000000001,3.0
909,Chabo_L_P_3_5,V4,17,0.12025758624076843,layer3.0,6,0.2882149749744833,P,5.0,L,V4,Chabo,-0.6000000000000001,0.2,3.0
910,Chabo_L_P_3_7,V4,18,0.11258666217327118,layer3.0,6,0.1740970364659492,P,7.0,L,V4,Chabo,-0.6000000000000001,1.0,3.0
911,Chabo_L_P_3_9,V4,19,0.10354252904653549,layer3.0,6,0.25473751235627967,P,9.0,L,V4,Chabo,-0.6000000000000001,1.8,3.0
912,Chabo_L_P_4_2,V4,20,0.08750873059034348,layer3.0,6,0.20216573523961817,P,2.0,L,V4,Chabo,-0.2,-1.0,4.0
913,Chabo_L_P_4_5,V4,21,0.07274828106164932,layer3.0,6,0.1940110072711786,P,5.0,L,V4,Chabo,-0.2,0.2,4.0
914,Chabo_L_P_0_2,V4,0,5.880706787109375,layer3.0,7,0.8735335944324124,P,2.0,L,V4,Chabo,-1.8,-1.0,0.0
915,Chabo_L_P_0_3,V4,1,1.980441927909851,layer3.0,7,0.8411440019183618,P,3.0,L,V4,Chabo,-1.8,-0.6000000000000001,0.0
916,Chabo_L_P_0_6,V4,2,1.155991792678833,layer3.0,7,0.8227054325844172,P,6.0,L,V4,Chabo,-1.8,0.6000000000000001,0.0
917,Chabo_L_P_1_0,V4,3,0.9041620492935181,layer3.0,7,0.6516983224959145,P,0.0,L,V4,Chabo,-1.4000000000000001,-1.8,1.0
918,Chabo_L_P_1_2,V4,4,0.6592646837234497,layer3.0,7,0.5882773355692252,P,2.0,L,V4,Chabo,-1.4000000000000001,-1.0,1.0
919,Chabo_L_P_1_4,V4,5,0.5022690892219543,layer3.0,7,0.519327107361733,P,4.0,L,V4,Chabo,-1.4000000000000001,-0.2,1.0
920,Chabo_L_P_1_5,V4,6,0.4566143751144409,layer3.0,7,0.4839997102160367,P,5.0,L,V4,Chabo,-1.4000000000000001,0.2,1.0
921,Chabo_L_P_1_9,V4,7,0.3863619267940521,layer3.0,7,0.5780153509908228,P,9.0,L,V4,Chabo,-1.4000000000000001,1.8,1.0
922,Chabo_L_P_2_0,V4,8,0.3699948787689209,layer3.0,7,0.6296674781140423,P,0.0,L,V4,Chabo,-1.0,-1.8,2.0
923,Chabo_L_P_2_1,V4,9,0.3020770251750946,layer3.0,7,0.4259917703146454,P,1.0,L,V4,Chabo,-1.0,-1.4000000000000001,2.0
924,Chabo_L_P_2_4,V4,10,0.25871777534484863,layer3.0,7,0.4914635461674607,P,4.0,L,V4,Chabo,-1.0,-0.2,2.0
925,Chabo_L_P_2_6,V4,11,0.23354065418243408,layer3.0,7,0.3612156819482367,P,6.0,L,V4,Chabo,-1.0,0.6000000000000001,2.0
926,Chabo_L_P_2_7,V4,12,0.21483959257602692,layer3.0,7,0.3394493530135283,P,7.0,L,V4,Chabo,-1.0,1.0,2.0
927,Chabo_L_P_2_8,V4,13,0.20041781663894653,layer3.0,7,0.309365044115226,P,8.0,L,V4,Chabo,-1.0,1.4000000000000001,2.0
928,Chabo_L_P_2_9,V4,14,0.17971989512443542,layer3.0,7,0.30818449004605797,P,9.0,L,V4,Chabo,-1.0,1.8,2.0
929,Chabo_L_P_3_0,V4,15,0.1617906540632248,layer3.0,7,0.4034645415358975,P,0.0,L,V4,Chabo,-0.6000000000000001,-1.8,3.0
930,Chabo_L_P_3_1,V4,16,0.14348383247852325,layer3.0,7,0.27239579298442373,P,1.0,L,V4,Chabo,-0.6000000000000001,-1.4000000000000001,3.0
931,Chabo_L_P_3_5,V4,17,0.12025758624076843,layer3.0,7,0.2461246819071943,P,5.0,L,V4,Chabo,-0.6000000000000001,0.2,3.0
932,Chabo_L_P_3_7,V4,18,0.11258666217327118,layer3.0,7,0.23784525140064014,P,7.0,L,V4,Chabo,-0.6000000000000001,1.0,3.0
933,Chabo_L_P_3_9,V4,19,0.10354252904653549,layer3.0,7,0.2610331590642816,P,9.0,L,V4,Chabo,-0.6000000000000001,1.8,3.0
934,Chabo_L_P_4_2,V4,20,0.08750873059034348,layer3.0,7,0.2124468050844004,P,2.0,L,V4,Chabo,-0.2,-1.0,4.0
935,Chabo_L_P_4_5,V4,21,0.07274828106164932,layer3.0,7,0.22157424956252345,P,5.0,L,V4,Chabo,-0.2,0.2,4.0
936,Chabo_L_P_0_2,V4,0,5.880706787109375,layer3.0,8,0.8517886739418566,P,2.0,L,V4,Chabo,-1.8,-1.0,0.0
937,Chabo_L_P_0_3,V4,1,1.980441927909851,layer3.0,8,0.8237073892283283,P,3.0,L,V4,Chabo,-1.8,-0.6000000000000001,0.0
938,Chabo_L_P_0_6,V4,2,1.155991792678833,layer3.0,8,0.800179779014351,P,6.0,L,V4,Chabo,-1.8,0.6000000000000001,0.0
939,Chabo_L_P_1_0,V4,3,0.9041620492935181,layer3.0,8,0.6433093403710944,P,0.0,L,V4,Chabo,-1.4000000000000001,-1.8,1.0
940,Chabo_L_P_1_2,V4,4,0.6592646837234497,layer3.0,8,0.630438817302126,P,2.0,L,V4,Chabo,-1.4000000000000001,-1.0,1.0
941,Chabo_L_P_1_4,V4,5,0.5022690892219543,layer3.0,8,0.5852473281674591,P,4.0,L,V4,Chabo,-1.4000000000000001,-0.2,1.0
942,Chabo_L_P_1_5,V4,6,0.4566143751144409,layer3.0,8,0.480789793424902,P,5.0,L,V4,Chabo,-1.4000000000000001,0.2,1.0
943,Chabo_L_P_1_9,V4,7,0.3863619267940521,layer3.0,8,0.4808502246858446,P,9.0,L,V4,Chabo,-1.4000000000000001,1.8,1.0
944,Chabo_L_P_2_0,V4,8,0.3699948787689209,layer3.0,8,0.5610998796233331,P,0.0,L,V4,Chabo,-1.0,-1.8,2.0
945,Chabo_L_P_2_1,V4,9,0.3020770251750946,layer3.0,8,0.4111208208179336,P,1.0,L,V4,Chabo,-1.0,-1.4000000000000001,2.0
946,Chabo_L_P_2_4,V4,10,0.25871777534484863,layer3.0,8,0.46877349054355333,P,4.0,L,V4,Chabo,-1.0,-0.2,2.0
947,Chabo_L_P_2_6,V4,11,0.23354065418243408,layer3.0,8,0.4097220954726688,P,6.0,L,V4,Chabo,-1.0,0.6000000000000001,2.0
948,Chabo_L_P_2_7,V4,12,0.21483959257602692,layer3.0,8,0.26508640831954294,P,7.0,L,V4,Chabo,-1.0,1.0,2.0
949,Chabo_L_P_2_8,V4,13,0.20041781663894653,layer3.0,8,0.2856848888372529,P,8.0,L,V4,Chabo,-1.0,1.4000000000000001,2.0
950,Chabo_L_P_2_9,V4,14,0.17971989512443542,layer3.0,8,0.12447691253013977,P,9.0,L,V4,Chabo,-1.0,1.8,2.0
951,Chabo_L_P_3_0,V4,15,0.1617906540632248,layer3.0,8,0.384989785309003,P,0.0,L,V4,Chabo,-0.6000000000000001,-1.8,3.0
952,Chabo_L_P_3_1,V4,16,0.14348383247852325,layer3.0,8,0.27031447933488184,P,1.0,L,V4,Chabo,-0.6000000000000001,-1.4000000000000001,3.0
953,Chabo_L_P_3_5,V4,17,0.12025758624076843,layer3.0,8,0.21080476711863283,P,5.0,L,V4,Chabo,-0.6000000000000001,0.2,3.0
954,Chabo_L_P_3_7,V4,18,0.11258666217327118,layer3.0,8,0.20799471493244914,P,7.0,L,V4,Chabo,-0.6000000000000001,1.0,3.0
955,Chabo_L_P_3_9,V4,19,0.10354252904653549,layer3.0,8,0.2559525474246249,P,9.0,L,V4,Chabo,-0.6000000000000001,1.8,3.0
956,Chabo_L_P_4_2,V4,20,0.08750873059034348,layer3.0,8,0.2729191879262531,P,2.0,L,V4,Chabo,-0.2,-1.0,4.0
957,Chabo_L_P_4_5,V4,21,0.07274828106164932,layer3.0,8,0.23452940796222374,P,5.0,L,V4,Chabo,-0.2,0.2,4.0
958,Chabo_L_P_0_2,V4,0,5.880706787109375,layer3.0,9,0.8663583495607547,P,2.0,L,V4,Chabo,-1.8,-1.0,0.0
959,Chabo_L_P_0_3,V4,1,1.980441927909851,layer3.0,9,0.8562906950433538,P,3.0,L,V4,Chabo,-1.8,-0.6000000000000001,0.0
960,Chabo_L_P_0_6,V4,2,1.155991792678833,layer3.0,9,0.82923191455586,P,6.0,L,V4,Chabo,-1.8,0.6000000000000001,0.0
961,Chabo_L_P_1_0,V4,3,0.9041620492935181,layer3.0,9,0.6404455619277343,P,0.0,L,V4,Chabo,-1.4000000000000001,-1.8,1.0
962,Chabo_L_P_1_2,V4,4,0.6592646837234497,layer3.0,9,0.5533667037039811,P,2.0,L,V4,Chabo,-1.4000000000000001,-1.0,1.0
963,Chabo_L_P_1_4,V4,5,0.5022690892219543,layer3.0,9,0.5743425542593088,P,4.0,L,V4,Chabo,-1.4000000000000001,-0.2,1.0
964,Chabo_L_P_1_5,V4,6,0.4566143751144409,layer3.0,9,0.5001330276253447,P,5.0,L,V4,Chabo,-1.4000000000000001,0.2,1.0
965,Chabo_L_P_1_9,V4,7,0.3863619267940521,layer3.0,9,0.5225724482405456,P,9.0,L,V4,Chabo,-1.4000000000000001,1.8,1.0
966,Chabo_L_P_2_0,V4,8,0.3699948787689209,layer3.0,9,0.6093286221676713,P,0.0,L,V4,Chabo,-1.0,-1.8,2.0
967,Chabo_L_P_2_1,V4,9,0.3020770251750946,layer3.0,9,0.4293955296987721,P,1.0,L,V4,Chabo,-1.0,-1.4000000000000001,2.0
968,Chabo_L_P_2_4,V4,10,0.25871777534484863,layer3.0,9,0.4433525636818498,P,4.0,L,V4,Chabo,-1.0,-0.2,2.0
969,Chabo_L_P_2_6,V4,11,0.23354065418243408,layer3.0,9,0.33985099825640164,P,6.0,L,V4,Chabo,-1.0,0.6000000000000001,2.0
970,Chabo_L_P_2_7,V4,12,0.21483959257602692,layer3.0,9,0.34780728712536346,P,7.0,L,V4,Chabo,-1.0,1.0,2.0
971,Chabo_L_P_2_8,V4,13,0.20041781663894653,layer3.0,9,0.4351637319118974,P,8.0,L,V4,Chabo,-1.0,1.4000000000000001,2.0
972,Chabo_L_P_2_9,V4,14,0.17971989512443542,layer3.0,9,0.1859545802094343,P,9.0,L,V4,Chabo,-1.0,1.8,2.0
973,Chabo_L_P_3_0,V4,15,0.1617906540632248,layer3.0,9,0.4977766343261706,P,0.0,L,V4,Chabo,-0.6000000000000001,-1.8,3.0
974,Chabo_L_P_3_1,V4,16,0.14348383247852325,layer3.0,9,0.3482634938284133,P,1.0,L,V4,Chabo,-0.6000000000000001,-1.4000000000000001,3.0
975,Chabo_L_P_3_5,V4,17,0.12025758624076843,layer3.0,9,0.314876118518155,P,5.0,L,V4,Chabo,-0.6000000000000001,0.2,3.0
976,Chabo_L_P_3_7,V4,18,0.11258666217327118,layer3.0,9,0.24518108976372074,P,7.0,L,V4,Chabo,-0.6000000000000001,1.0,3.0
977,Chabo_L_P_3_9,V4,19,0.10354252904653549,layer3.0,9,0.30547569204002867,P,9.0,L,V4,Chabo,-0.6000000000000001,1.8,3.0
978,Chabo_L_P_4_2,V4,20,0.08750873059034348,layer3.0,9,0.21616225875182582,P,2.0,L,V4,Chabo,-0.2,-1.0,4.0
979,Chabo_L_P_4_5,V4,21,0.07274828106164932,layer3.0,9,0.2087953640542946,P,5.0,L,V4,Chabo,-0.2,0.2,4.0
980,Chabo_L_P_0_2,V4,0,5.880706787109375,layer4.0,0,0.7547610918528049,P,2.0,L,V4,Chabo,-1.8,-1.0,0.0
981,Chabo_L_P_0_3,V4,1,1.980441927909851,layer4.0,0,0.8351208574814222,P,3.0,L,V4,Chabo,-1.8,-0.6000000000000001,0.0
982,Chabo_L_P_0_6,V4,2,1.155991792678833,layer4.0,0,0.7063022213572334,P,6.0,L,V4,Chabo,-1.8,0.6000000000000001,0.0
983,Chabo_L_P_1_0,V4,3,0.9041620492935181,layer4.0,0,0.594873148931323,P,0.0,L,V4,Chabo,-1.4000000000000001,-1.8,1.0
984,Chabo_L_P_1_2,V4,4,0.6592646837234497,layer4.0,0,0.46786668915113305,P,2.0,L,V4,Chabo,-1.4000000000000001,-1.0,1.0
985,Chabo_L_P_1_4,V4,5,0.5022690892219543,layer4.0,0,0.504054942933186,P,4.0,L,V4,Chabo,-1.4000000000000001,-0.2,1.0
986,Chabo_L_P_1_5,V4,6,0.4566143751144409,layer4.0,0,0.4886576409271232,P,5.0,L,V4,Chabo,-1.4000000000000001,0.2,1.0
987,Chabo_L_P_1_9,V4,7,0.3863619267940521,layer4.0,0,0.5194061119888191,P,9.0,L,V4,Chabo,-1.4000000000000001,1.8,1.0
988,Chabo_L_P_2_0,V4,8,0.3699948787689209,layer4.0,0,0.47574141554885113,P,0.0,L,V4,Chabo,-1.0,-1.8,2.0
989,Chabo_L_P_2_1,V4,9,0.3020770251750946,layer4.0,0,0.3184128323106925,P,1.0,L,V4,Chabo,-1.0,-1.4000000000000001,2.0
990,Chabo_L_P_2_4,V4,10,0.25871777534484863,layer4.0,0,0.3771215676300948,P,4.0,L,V4,Chabo,-1.0,-0.2,2.0
991,Chabo_L_P_2_6,V4,11,0.23354065418243408,layer4.0,0,0.2969098782306887,P,6.0,L,V4,Chabo,-1.0,0.6000000000000001,2.0
992,Chabo_L_P_2_7,V4,12,0.21483959257602692,layer4.0,0,0.2940304338771405,P,7.0,L,V4,Chabo,-1.0,1.0,2.0
993,Chabo_L_P_2_8,V4,13,0.20041781663894653,layer4.0,0,0.18879432359429896,P,8.0,L,V4,Chabo,-1.0,1.4000000000000001,2.0
994,Chabo_L_P_2_9,V4,14,0.17971989512443542,layer4.0,0,0.30811745356178105,P,9.0,L,V4,Chabo,-1.0,1.8,2.0
995,Chabo_L_P_3_0,V4,15,0.1617906540632248,layer4.0,0,0.40246151971248145,P,0.0,L,V4,Chabo,-0.6000000000000001,-1.8,3.0
996,Chabo_L_P_3_1,V4,16,0.14348383247852325,layer4.0,0,0.33461591644926736,P,1.0,L,V4,Chabo,-0.6000000000000001,-1.4000000000000001,3.0
997,Chabo_L_P_3_5,V4,17,0.12025758624076843,layer4.0,0,0.27314798956549213,P,5.0,L,V4,Chabo,-0.6000000000000001,0.2,3.0
998,Chabo_L_P_3_7,V4,18,0.11258666217327118,layer4.0,0,0.23609105658533897,P,7.0,L,V4,Chabo,-0.6000000000000001,1.0,3.0
999,Chabo_L_P_3_9,V4,19,0.10354252904653549,layer4.0,0,0.3060475954329195,P,9.0,L,V4,Chabo,-0.6000000000000001,1.8,3.0
1000,Chabo_L_P_4_2,V4,20,0.08750873059034348,layer4.0,0,0.19482906169047165,P,2.0,L,V4,Chabo,-0.2,-1.0,4.0
1001,Chabo_L_P_4_5,V4,21,0.07274828106164932,layer4.0,0,0.18698837180765426,P,5.0,L,V4,Chabo,-0.2,0.2,4.0
1002,Chabo_L_P_0_2,V4,0,5.880706787109375,layer4.0,1,0.7304919991140699,P,2.0,L,V4,Chabo,-1.8,-1.0,0.0
1003,Chabo_L_P_0_3,V4,1,1.980441927909851,layer4.0,1,0.7942452929528001,P,3.0,L,V4,Chabo,-1.8,-0.6000000000000001,0.0
1004,Chabo_L_P_0_6,V4,2,1.155991792678833,layer4.0,1,0.708443189439494,P,6.0,L,V4,Chabo,-1.8,0.6000000000000001,0.0
1005,Chabo_L_P_1_0,V4,3,0.9041620492935181,layer4.0,1,0.5480028744268841,P,0.0,L,V4,Chabo,-1.4000000000000001,-1.8,1.0
1006,Chabo_L_P_1_2,V4,4,0.6592646837234497,layer4.0,1,0.4774908310494242,P,2.0,L,V4,Chabo,-1.4000000000000001,-1.0,1.0
1007,Chabo_L_P_1_4,V4,5,0.5022690892219543,layer4.0,1,0.5400158462170347,P,4.0,L,V4,Chabo,-1.4000000000000001,-0.2,1.0
1008,Chabo_L_P_1_5,V4,6,0.4566143751144409,layer4.0,1,0.4675336014788848,P,5.0,L,V4,Chabo,-1.4000000000000001,0.2,1.0
1009,Chabo_L_P_1_9,V4,7,0.3863619267940521,layer4.0,1,0.4401804636904346,P,9.0,L,V4,Chabo,-1.4000000000000001,1.8,1.0
1010,Chabo_L_P_2_0,V4,8,0.3699948787689209,layer4.0,1,0.5232367273289945,P,0.0,L,V4,Chabo,-1.0,-1.8,2.0
1011,Chabo_L_P_2_1,V4,9,0.3020770251750946,layer4.0,1,0.270594252116242,P,1.0,L,V4,Chabo,-1.0,-1.4000000000000001,2.0
1012,Chabo_L_P_2_4,V4,10,0.25871777534484863,layer4.0,1,0.3434740355756714,P,4.0,L,V4,Chabo,-1.0,-0.2,2.0
1013,Chabo_L_P_2_6,V4,11,0.23354065418243408,layer4.0,1,0.371690868267425,P,6.0,L,V4,Chabo,-1.0,0.6000000000000001,2.0
1014,Chabo_L_P_2_7,V4,12,0.21483959257602692,layer4.0,1,0.3034648178631051,P,7.0,L,V4,Chabo,-1.0,1.0,2.0
1015,Chabo_L_P_2_8,V4,13,0.20041781663894653,layer4.0,1,0.28178352854075495,P,8.0,L,V4,Chabo,-1.0,1.4000000000000001,2.0
1016,Chabo_L_P_2_9,V4,14,0.17971989512443542,layer4.0,1,0.31063051017611054,P,9.0,L,V4,Chabo,-1.0,1.8,2.0
1017,Chabo_L_P_3_0,V4,15,0.1617906540632248,layer4.0,1,0.39743030394722134,P,0.0,L,V4,Chabo,-0.6000000000000001,-1.8,3.0
1018,Chabo_L_P_3_1,V4,16,0.14348383247852325,layer4.0,1,0.258247857887829,P,1.0,L,V4,Chabo,-0.6000000000000001,-1.4000000000000001,3.0
1019,Chabo_L_P_3_5,V4,17,0.12025758624076843,layer4.0,1,0.2349566864976867,P,5.0,L,V4,Chabo,-0.6000000000000001,0.2,3.0
1020,Chabo_L_P_3_7,V4,18,0.11258666217327118,layer4.0,1,0.11709736716538295,P,7.0,L,V4,Chabo,-0.6000000000000001,1.0,3.0
1021,Chabo_L_P_3_9,V4,19,0.10354252904653549,layer4.0,1,0.31960095919716675,P,9.0,L,V4,Chabo,-0.6000000000000001,1.8,3.0
1022,Chabo_L_P_4_2,V4,20,0.08750873059034348,layer4.0,1,0.22739999231183797,P,2.0,L,V4,Chabo,-0.2,-1.0,4.0
1023,Chabo_L_P_4_5,V4,21,0.07274828106164932,layer4.0,1,0.21183934542028987,P,5.0,L,V4,Chabo,-0.2,0.2,4.0
1024,Chabo_L_P_0_2,V4,0,5.880706787109375,layer4.0,2,0.7213793875103378,P,2.0,L,V4,Chabo,-1.8,-1.0,0.0
1025,Chabo_L_P_0_3,V4,1,1.980441927909851,layer4.0,2,0.8233555619295119,P,3.0,L,V4,Chabo,-1.8,-0.6000000000000001,0.0
1026,Chabo_L_P_0_6,V4,2,1.155991792678833,layer4.0,2,0.6984342168469497,P,6.0,L,V4,Chabo,-1.8,0.6000000000000001,0.0
1027,Chabo_L_P_1_0,V4,3,0.9041620492935181,layer4.0,2,0.5448749116880339,P,0.0,L,V4,Chabo,-1.4000000000000001,-1.8,1.0
1028,Chabo_L_P_1_2,V4,4,0.6592646837234497,layer4.0,2,0.5001887868274264,P,2.0,L,V4,Chabo,-1.4000000000000001,-1.0,1.0
1029,Chabo_L_P_1_4,V4,5,0.5022690892219543,layer4.0,2,0.43910683582317933,P,4.0,L,V4,Chabo,-1.4000000000000001,-0.2,1.0
1030,Chabo_L_P_1_5,V4,6,0.4566143751144409,layer4.0,2,0.38970175376906513,P,5.0,L,V4,Chabo,-1.4000000000000001,0.2,1.0
1031,Chabo_L_P_1_9,V4,7,0.3863619267940521,layer4.0,2,0.44417473600293533,P,9.0,L,V4,Chabo,-1.4000000000000001,1.8,1.0
1032,Chabo_L_P_2_0,V4,8,0.3699948787689209,layer4.0,2,0.48218542966747757,P,0.0,L,V4,Chabo,-1.0,-1.8,2.0
1033,Chabo_L_P_2_1,V4,9,0.3020770251750946,layer4.0,2,0.3649602318011639,P,1.0,L,V4,Chabo,-1.0,-1.4000000000000001,2.0
1034,Chabo_L_P_2_4,V4,10,0.25871777534484863,layer4.0,2,0.366104294650271,P,4.0,L,V4,Chabo,-1.0,-0.2,2.0
1035,Chabo_L_P_2_6,V4,11,0.23354065418243408,layer4.0,2,0.297724207345487,P,6.0,L,V4,Chabo,-1.0,0.6000000000000001,2.0
1036,Chabo_L_P_2_7,V4,12,0.21483959257602692,layer4.0,2,0.2412894016199872,P,7.0,L,V4,Chabo,-1.0,1.0,2.0
1037,Chabo_L_P_2_8,V4,13,0.20041781663894653,layer4.0,2,0.22504943817076184,P,8.0,L,V4,Chabo,-1.0,1.4000000000000001,2.0
1038,Chabo_L_P_2_9,V4,14,0.17971989512443542,layer4.0,2,0.4035017517123525,P,9.0,L,V4,Chabo,-1.0,1.8,2.0
1039,Chabo_L_P_3_0,V4,15,0.1617906540632248,layer4.0,2,0.39389652447257884,P,0.0,L,V4,Chabo,-0.6000000000000001,-1.8,3.0
1040,Chabo_L_P_3_1,V4,16,0.14348383247852325,layer4.0,2,0.34915245561217306,P,1.0,L,V4,Chabo,-0.6000000000000001,-1.4000000000000001,3.0
1041,Chabo_L_P_3_5,V4,17,0.12025758624076843,layer4.0,2,0.27958786938703384,P,5.0,L,V4,Chabo,-0.6000000000000001,0.2,3.0
1042,Chabo_L_P_3_7,V4,18,0.11258666217327118,layer4.0,2,0.2803044255500907,P,7.0,L,V4,Chabo,-0.6000000000000001,1.0,3.0
1043,Chabo_L_P_3_9,V4,19,0.10354252904653549,layer4.0,2,0.3128889022003695,P,9.0,L,V4,Chabo,-0.6000000000000001,1.8,3.0
1044,Chabo_L_P_4_2,V4,20,0.08750873059034348,layer4.0,2,0.3300659503879322,P,2.0,L,V4,Chabo,-0.2,-1.0,4.0
1045,Chabo_L_P_4_5,V4,21,0.07274828106164932,layer4.0,2,0.13041477829401749,P,5.0,L,V4,Chabo,-0.2,0.2,4.0
1046,Chabo_L_P_0_2,V4,0,5.880706787109375,layer4.0,3,0.708944207793009,P,2.0,L,V4,Chabo,-1.8,-1.0,0.0
1047,Chabo_L_P_0_3,V4,1,1.980441927909851,layer4.0,3,0.8094849766104639,P,3.0,L,V4,Chabo,-1.8,-0.6000000000000001,0.0
1048,Chabo_L_P_0_6,V4,2,1.155991792678833,layer4.0,3,0.7100461963478004,P,6.0,L,V4,Chabo,-1.8,0.6000000000000001,0.0
1049,Chabo_L_P_1_0,V4,3,0.9041620492935181,layer4.0,3,0.525851512578698,P,0.0,L,V4,Chabo,-1.4000000000000001,-1.8,1.0
1050,Chabo_L_P_1_2,V4,4,0.6592646837234497,layer4.0,3,0.4705646519059197,P,2.0,L,V4,Chabo,-1.4000000000000001,-1.0,1.0
1051,Chabo_L_P_1_4,V4,5,0.5022690892219543,layer4.0,3,0.5285698442300363,P,4.0,L,V4,Chabo,-1.4000000000000001,-0.2,1.0
1052,Chabo_L_P_1_5,V4,6,0.4566143751144409,layer4.0,3,0.4250093662389056,P,5.0,L,V4,Chabo,-1.4000000000000001,0.2,1.0
1053,Chabo_L_P_1_9,V4,7,0.3863619267940521,layer4.0,3,0.5349118380988556,P,9.0,L,V4,Chabo,-1.4000000000000001,1.8,1.0
1054,Chabo_L_P_2_0,V4,8,0.3699948787689209,layer4.0,3,0.49489724106559607,P,0.0,L,V4,Chabo,-1.0,-1.8,2.0
1055,Chabo_L_P_2_1,V4,9,0.3020770251750946,layer4.0,3,0.26003773607089387,P,1.0,L,V4,Chabo,-1.0,-1.4000000000000001,2.0
1056,Chabo_L_P_2_4,V4,10,0.25871777534484863,layer4.0,3,0.36086402502525383,P,4.0,L,V4,Chabo,-1.0,-0.2,2.0
1057,Chabo_L_P_2_6,V4,11,0.23354065418243408,layer4.0,3,0.3876874966366539,P,6.0,L,V4,Chabo,-1.0,0.6000000000000001,2.0
1058,Chabo_L_P_2_7,V4,12,0.21483959257602692,layer4.0,3,0.36413345309680856,P,7.0,L,V4,Chabo,-1.0,1.0,2.0
1059,Chabo_L_P_2_8,V4,13,0.20041781663894653,layer4.0,3,0.26936032395767473,P,8.0,L,V4,Chabo,-1.0,1.4000000000000001,2.0
1060,Chabo_L_P_2_9,V4,14,0.17971989512443542,layer4.0,3,0.2429885384196363,P,9.0,L,V4,Chabo,-1.0,1.8,2.0
1061,Chabo_L_P_3_0,V4,15,0.1617906540632248,layer4.0,3,0.38566467931105936,P,0.0,L,V4,Chabo,-0.6000000000000001,-1.8,3.0
1062,Chabo_L_P_3_1,V4,16,0.14348383247852325,layer4.0,3,0.3269717577547491,P,1.0,L,V4,Chabo,-0.6000000000000001,-1.4000000000000001,3.0
1063,Chabo_L_P_3_5,V4,17,0.12025758624076843,layer4.0,3,0.17460818256161673,P,5.0,L,V4,Chabo,-0.6000000000000001,0.2,3.0
1064,Chabo_L_P_3_7,V4,18,0.11258666217327118,layer4.0,3,0.18285670586390218,P,7.0,L,V4,Chabo,-0.6000000000000001,1.0,3.0
1065,Chabo_L_P_3_9,V4,19,0.10354252904653549,layer4.0,3,0.2911918029391616,P,9.0,L,V4,Chabo,-0.6000000000000001,1.8,3.0
1066,Chabo_L_P_4_2,V4,20,0.08750873059034348,layer4.0,3,0.23362864699478622,P,2.0,L,V4,Chabo,-0.2,-1.0,4.0
1067,Chabo_L_P_4_5,V4,21,0.07274828106164932,layer4.0,3,0.19742240597327732,P,5.0,L,V4,Chabo,-0.2,0.2,4.0
1068,Chabo_L_P_0_2,V4,0,5.880706787109375,layer4.0,4,0.7021447921050621,P,2.0,L,V4,Chabo,-1.8,-1.0,0.0
1069,Chabo_L_P_0_3,V4,1,1.980441927909851,layer4.0,4,0.8084398100970995,P,3.0,L,V4,Chabo,-1.8,-0.6000000000000001,0.0
1070,Chabo_L_P_0_6,V4,2,1.155991792678833,layer4.0,4,0.6797868231662432,P,6.0,L,V4,Chabo,-1.8,0.6000000000000001,0.0
1071,Chabo_L_P_1_0,V4,3,0.9041620492935181,layer4.0,4,0.5858145380183319,P,0.0,L,V4,Chabo,-1.4000000000000001,-1.8,1.0
1072,Chabo_L_P_1_2,V4,4,0.6592646837234497,layer4.0,4,0.46356924450454834,P,2.0,L,V4,Chabo,-1.4000000000000001,-1.0,1.0
1073,Chabo_L_P_1_4,V4,5,0.5022690892219543,layer4.0,4,0.5507656720305759,P,4.0,L,V4,Chabo,-1.4000000000000001,-0.2,1.0
1074,Chabo_L_P_1_5,V4,6,0.4566143751144409,layer4.0,4,0.3730071142834481,P,5.0,L,V4,Chabo,-1.4000000000000001,0.2,1.0
1075,Chabo_L_P_1_9,V4,7,0.3863619267940521,layer4.0,4,0.47072190565534877,P,9.0,L,V4,Chabo,-1.4000000000000001,1.8,1.0
1076,Chabo_L_P_2_0,V4,8,0.3699948787689209,layer4.0,4,0.5365168814088189,P,0.0,L,V4,Chabo,-1.0,-1.8,2.0
1077,Chabo_L_P_2_1,V4,9,0.3020770251750946,layer4.0,4,0.3076149221173934,P,1.0,L,V4,Chabo,-1.0,-1.4000000000000001,2.0
1078,Chabo_L_P_2_4,V4,10,0.25871777534484863,layer4.0,4,0.4265646573966989,P,4.0,L,V4,Chabo,-1.0,-0.2,2.0
1079,Chabo_L_P_2_6,V4,11,0.23354065418243408,layer4.0,4,0.2791022827885056,P,6.0,L,V4,Chabo,-1.0,0.6000000000000001,2.0
1080,Chabo_L_P_2_7,V4,12,0.21483959257602692,layer4.0,4,0.29829024925070896,P,7.0,L,V4,Chabo,-1.0,1.0,2.0
1081,Chabo_L_P_2_8,V4,13,0.20041781663894653,layer4.0,4,0.26598038808145485,P,8.0,L,V4,Chabo,-1.0,1.4000000000000001,2.0
1082,Chabo_L_P_2_9,V4,14,0.17971989512443542,layer4.0,4,0.33672740302564236,P,9.0,L,V4,Chabo,-1.0,1.8,2.0
1083,Chabo_L_P_3_0,V4,15,0.1617906540632248,layer4.0,4,0.36901349607508505,P,0.0,L,V4,Chabo,-0.6000000000000001,-1.8,3.0
1084,Chabo_L_P_3_1,V4,16,0.14348383247852325,layer4.0,4,0.22969991142608923,P,1.0,L,V4,Chabo,-0.6000000000000001,-1.4000000000000001,3.0
1085,Chabo_L_P_3_5,V4,17,0.12025758624076843,layer4.0,4,0.30910651914675163,P,5.0,L,V4,Chabo,-0.6000000000000001,0.2,3.0
1086,Chabo_L_P_3_7,V4,18,0.11258666217327118,layer4.0,4,0.22719485315481353,P,7.0,L,V4,Chabo,-0.6000000000000001,1.0,3.0
1087,Chabo_L_P_3_9,V4,19,0.10354252904653549,layer4.0,4,0.18464785517561855,P,9.0,L,V4,Chabo,-0.6000000000000001,1.8,3.0
1088,Chabo_L_P_4_2,V4,20,0.08750873059034348,layer4.0,4,0.22589217485353313,P,2.0,L,V4,Chabo,-0.2,-1.0,4.0
1089,Chabo_L_P_4_5,V4,21,0.07274828106164932,layer4.0,4,0.11976767102663158,P,5.0,L,V4,Chabo,-0.2,0.2,4.0
1090,Chabo_L_P_0_2,V4,0,5.880706787109375,layer4.0,5,0.7402373703584708,P,2.0,L,V4,Chabo,-1.8,-1.0,0.0
1091,Chabo_L_P_0_3,V4,1,1.980441927909851,layer4.0,5,0.8039201235884557,P,3.0,L,V4,Chabo,-1.8,-0.6000000000000001,0.0
1092,Chabo_L_P_0_6,V4,2,1.155991792678833,layer4.0,5,0.6774656979518053,P,6.0,L,V4,Chabo,-1.8,0.6000000000000001,0.0
1093,Chabo_L_P_1_0,V4,3,0.9041620492935181,layer4.0,5,0.5547243652252001,P,0.0,L,V4,Chabo,-1.4000000000000001,-1.8,1.0
1094,Chabo_L_P_1_2,V4,4,0.6592646837234497,layer4.0,5,0.4439949937245723,P,2.0,L,V4,Chabo,-1.4000000000000001,-1.0,1.0
1095,Chabo_L_P_1_4,V4,5,0.5022690892219543,layer4.0,5,0.45070187932200567,P,4.0,L,V4,Chabo,-1.4000000000000001,-0.2,1.0
1096,Chabo_L_P_1_5,V4,6,0.4566143751144409,layer4.0,5,0.3886505401327185,P,5.0,L,V4,Chabo,-1.4000000000000001,0.2,1.0
1097,Chabo_L_P_1_9,V4,7,0.3863619267940521,layer4.0,5,0.4796739725448276,P,9.0,L,V4,Chabo,-1.4000000000000001,1.8,1.0
1098,Chabo_L_P_2_0,V4,8,0.3699948787689209,layer4.0,5,0.5379364297083512,P,0.0,L,V4,Chabo,-1.0,-1.8,2.0
1099,Chabo_L_P_2_1,V4,9,0.3020770251750946,layer4.0,5,0.26650626518975123,P,1.0,L,V4,Chabo,-1.0,-1.4000000000000001,2.0
1100,Chabo_L_P_2_4,V4,10,0.25871777534484863,layer4.0,5,0.40443837929023685,P,4.0,L,V4,Chabo,-1.0,-0.2,2.0
1101,Chabo_L_P_2_6,V4,11,0.23354065418243408,layer4.0,5,0.2357094620870789,P,6.0,L,V4,Chabo,-1.0,0.6000000000000001,2.0
1102,Chabo_L_P_2_7,V4,12,0.21483959257602692,layer4.0,5,0.319708818903971,P,7.0,L,V4,Chabo,-1.0,1.0,2.0
1103,Chabo_L_P_2_8,V4,13,0.20041781663894653,layer4.0,5,0.300993947308691,P,8.0,L,V4,Chabo,-1.0,1.4000000000000001,2.0
1104,Chabo_L_P_2_9,V4,14,0.17971989512443542,layer4.0,5,0.2374920538040095,P,9.0,L,V4,Chabo,-1.0,1.8,2.0
1105,Chabo_L_P_3_0,V4,15,0.1617906540632248,layer4.0,5,0.4142056325399136,P,0.0,L,V4,Chabo,-0.6000000000000001,-1.8,3.0
1106,Chabo_L_P_3_1,V4,16,0.14348383247852325,layer4.0,5,0.2912010899906307,P,1.0,L,V4,Chabo,-0.6000000000000001,-1.4000000000000001,3.0
1107,Chabo_L_P_3_5,V4,17,0.12025758624076843,layer4.0,5,0.22214475035968065,P,5.0,L,V4,Chabo,-0.6000000000000001,0.2,3.0
1108,Chabo_L_P_3_7,V4,18,0.11258666217327118,layer4.0,5,0.09095101503169772,P,7.0,L,V4,Chabo,-0.6000000000000001,1.0,3.0
1109,Chabo_L_P_3_9,V4,19,0.10354252904653549,layer4.0,5,0.3504772296932961,P,9.0,L,V4,Chabo,-0.6000000000000001,1.8,3.0
1110,Chabo_L_P_4_2,V4,20,0.08750873059034348,layer4.0,5,0.2859221738977894,P,2.0,L,V4,Chabo,-0.2,-1.0,4.0
1111,Chabo_L_P_4_5,V4,21,0.07274828106164932,layer4.0,5,0.3120355767791455,P,5.0,L,V4,Chabo,-0.2,0.2,4.0
1112,Chabo_L_P_0_2,V4,0,5.880706787109375,layer4.0,6,0.7266022947821716,P,2.0,L,V4,Chabo,-1.8,-1.0,0.0
1113,Chabo_L_P_0_3,V4,1,1.980441927909851,layer4.0,6,0.8161090366597124,P,3.0,L,V4,Chabo,-1.8,-0.6000000000000001,0.0
1114,Chabo_L_P_0_6,V4,2,1.155991792678833,layer4.0,6,0.7650726666742853,P,6.0,L,V4,Chabo,-1.8,0.6000000000000001,0.0
1115,Chabo_L_P_1_0,V4,3,0.9041620492935181,layer4.0,6,0.5865362860467545,P,0.0,L,V4,Chabo,-1.4000000000000001,-1.8,1.0
1116,Chabo_L_P_1_2,V4,4,0.6592646837234497,layer4.0,6,0.4878965658996287,P,2.0,L,V4,Chabo,-1.4000000000000001,-1.0,1.0
1117,Chabo_L_P_1_4,V4,5,0.5022690892219543,layer4.0,6,0.4490367842341715,P,4.0,L,V4,Chabo,-1.4000000000000001,-0.2,1.0
1118,Chabo_L_P_1_5,V4,6,0.4566143751144409,layer4.0,6,0.4465568101083733,P,5.0,L,V4,Chabo,-1.4000000000000001,0.2,1.0
1119,Chabo_L_P_1_9,V4,7,0.3863619267940521,layer4.0,6,0.50014785007609,P,9.0,L,V4,Chabo,-1.4000000000000001,1.8,1.0
1120,Chabo_L_P_2_0,V4,8,0.3699948787689209,layer4.0,6,0.49795692351979215,P,0.0,L,V4,Chabo,-1.0,-1.8,2.0
1121,Chabo_L_P_2_1,V4,9,0.3020770251750946,layer4.0,6,0.31915765094639587,P,1.0,L,V4,Chabo,-1.0,-1.4000000000000001,2.0
1122,Chabo_L_P_2_4,V4,10,0.25871777534484863,layer4.0,6,0.3958709144276373,P,4.0,L,V4,Chabo,-1.0,-0.2,2.0
1123,Chabo_L_P_2_6,V4,11,0.23354065418243408,layer4.0,6,0.22123542029714804,P,6.0,L,V4,Chabo,-1.0,0.6000000000000001,2.0
1124,Chabo_L_P_2_7,V4,12,0.21483959257602692,layer4.0,6,0.25156896026666087,P,7.0,L,V4,Chabo,-1.0,1.0,2.0
1125,Chabo_L_P_2_8,V4,13,0.20041781663894653,layer4.0,6,0.2716437294993604,P,8.0,L,V4,Chabo,-1.0,1.4000000000000001,2.0
1126,Chabo_L_P_2_9,V4,14,0.17971989512443542,layer4.0,6,0.3197320269161301,P,9.0,L,V4,Chabo,-1.0,1.8,2.0
1127,Chabo_L_P_3_0,V4,15,0.1617906540632248,layer4.0,6,0.42900700497535016,P,0.0,L,V4,Chabo,-0.6000000000000001,-1.8,3.0
1128,Chabo_L_P_3_1,V4,16,0.14348383247852325,layer4.0,6,0.22607168197638505,P,1.0,L,V4,Chabo,-0.6000000000000001,-1.4000000000000001,3.0
1129,Chabo_L_P_3_5,V4,17,0.12025758624076843,layer4.0,6,0.2385142751387389,P,5.0,L,V4,Chabo,-0.6000000000000001,0.2,3.0
1130,Chabo_L_P_3_7,V4,18,0.11258666217327118,layer4.0,6,0.2951638687334768,P,7.0,L,V4,Chabo,-0.6000000000000001,1.0,3.0
1131,Chabo_L_P_3_9,V4,19,0.10354252904653549,layer4.0,6,0.2488946955515488,P,9.0,L,V4,Chabo,-0.6000000000000001,1.8,3.0
1132,Chabo_L_P_4_2,V4,20,0.08750873059034348,layer4.0,6,0.2600164226006294,P,2.0,L,V4,Chabo,-0.2,-1.0,4.0
1133,Chabo_L_P_4_5,V4,21,0.07274828106164932,layer4.0,6,0.16371696051141352,P,5.0,L,V4,Chabo,-0.2,0.2,4.0
1134,Chabo_L_P_0_2,V4,0,5.880706787109375,layer4.0,7,0.7580967274668171,P,2.0,L,V4,Chabo,-1.8,-1.0,0.0
1135,Chabo_L_P_0_3,V4,1,1.980441927909851,layer4.0,7,0.8135198667654564,P,3.0,L,V4,Chabo,-1.8,-0.6000000000000001,0.0
1136,Chabo_L_P_0_6,V4,2,1.155991792678833,layer4.0,7,0.7472847074359977,P,6.0,L,V4,Chabo,-1.8,0.6000000000000001,0.0
1137,Chabo_L_P_1_0,V4,3,0.9041620492935181,layer4.0,7,0.5771629284836088,P,0.0,L,V4,Chabo,-1.4000000000000001,-1.8,1.0
1138,Chabo_L_P_1_2,V4,4,0.6592646837234497,layer4.0,7,0.4383432944156466,P,2.0,L,V4,Chabo,-1.4000000000000001,-1.0,1.0
1139,Chabo_L_P_1_4,V4,5,0.5022690892219543,layer4.0,7,0.4184030411776673,P,4.0,L,V4,Chabo,-1.4000000000000001,-0.2,1.0
1140,Chabo_L_P_1_5,V4,6,0.4566143751144409,layer4.0,7,0.3572329982751813,P,5.0,L,V4,Chabo,-1.4000000000000001,0.2,1.0
1141,Chabo_L_P_1_9,V4,7,0.3863619267940521,layer4.0,7,0.5041083995417807,P,9.0,L,V4,Chabo,-1.4000000000000001,1.8,1.0
1142,Chabo_L_P_2_0,V4,8,0.3699948787689209,layer4.0,7,0.5226896855173827,P,0.0,L,V4,Chabo,-1.0,-1.8,2.0
1143,Chabo_L_P_2_1,V4,9,0.3020770251750946,layer4.0,7,0.3721069649853319,P,1.0,L,V4,Chabo,-1.0,-1.4000000000000001,2.0
1144,Chabo_L_P_2_4,V4,10,0.25871777534484863,layer4.0,7,0.47071098662407623,P,4.0,L,V4,Chabo,-1.0,-0.2,2.0
1145,Chabo_L_P_2_6,V4,11,0.23354065418243408,layer4.0,7,0.30901736412608954,P,6.0,L,V4,Chabo,-1.0,0.6000000000000001,2.0
1146,Chabo_L_P_2_7,V4,12,0.21483959257602692,layer4.0,7,0.25653112611641987,P,7.0,L,V4,Chabo,-1.0,1.0,2.0
1147,Chabo_L_P_2_8,V4,13,0.20041781663894653,layer4.0,7,0.3024506867812655,P,8.0,L,V4,Chabo,-1.0,1.4000000000000001,2.0
1148,Chabo_L_P_2_9,V4,14,0.17971989512443542,layer4.0,7,0.290572259467559,P,9.0,L,V4,Chabo,-1.0,1.8,2.0
1149,Chabo_L_P_3_0,V4,15,0.1617906540632248,layer4.0,7,0.3805816910022122,P,0.0,L,V4,Chabo,-0.6000000000000001,-1.8,3.0
1150,Chabo_L_P_3_1,V4,16,0.14348383247852325,layer4.0,7,0.23189754888570985,P,1.0,L,V4,Chabo,-0.6000000000000001,-1.4000000000000001,3.0
1151,Chabo_L_P_3_5,V4,17,0.12025758624076843,layer4.0,7,0.24522151171652204,P,5.0,L,V4,Chabo,-0.6000000000000001,0.2,3.0
1152,Chabo_L_P_3_7,V4,18,0.11258666217327118,layer4.0,7,0.2964408955830088,P,7.0,L,V4,Chabo,-0.6000000000000001,1.0,3.0
1153,Chabo_L_P_3_9,V4,19,0.10354252904653549,layer4.0,7,0.2387842820111088,P,9.0,L,V4,Chabo,-0.6000000000000001,1.8,3.0
1154,Chabo_L_P_4_2,V4,20,0.08750873059034348,layer4.0,7,0.3250760697854462,P,2.0,L,V4,Chabo,-0.2,-1.0,4.0
1155,Chabo_L_P_4_5,V4,21,0.07274828106164932,layer4.0,7,0.20736215775263367,P,5.0,L,V4,Chabo,-0.2,0.2,4.0
1156,Chabo_L_P_0_2,V4,0,5.880706787109375,layer4.0,8,0.7360551212806814,P,2.0,L,V4,Chabo,-1.8,-1.0,0.0
1157,Chabo_L_P_0_3,V4,1,1.980441927909851,layer4.0,8,0.8006816601676465,P,3.0,L,V4,Chabo,-1.8,-0.6000000000000001,0.0
1158,Chabo_L_P_0_6,V4,2,1.155991792678833,layer4.0,8,0.6966857032542337,P,6.0,L,V4,Chabo,-1.8,0.6000000000000001,0.0
1159,Chabo_L_P_1_0,V4,3,0.9041620492935181,layer4.0,8,0.5545554882508916,P,0.0,L,V4,Chabo,-1.4000000000000001,-1.8,1.0
1160,Chabo_L_P_1_2,V4,4,0.6592646837234497,layer4.0,8,0.5171877980302786,P,2.0,L,V4,Chabo,-1.4000000000000001,-1.0,1.0
1161,Chabo_L_P_1_4,V4,5,0.5022690892219543,layer4.0,8,0.5047477030214056,P,4.0,L,V4,Chabo,-1.4000000000000001,-0.2,1.0
1162,Chabo_L_P_1_5,V4,6,0.4566143751144409,layer4.0,8,0.34878708640471096,P,5.0,L,V4,Chabo,-1.4000000000000001,0.2,1.0
1163,Chabo_L_P_1_9,V4,7,0.3863619267940521,layer4.0,8,0.48409732687170065,P,9.0,L,V4,Chabo,-1.4000000000000001,1.8,1.0
1164,Chabo_L_P_2_0,V4,8,0.3699948787689209,layer4.0,8,0.47198325257877205,P,0.0,L,V4,Chabo,-1.0,-1.8,2.0
1165,Chabo_L_P_2_1,V4,9,0.3020770251750946,layer4.0,8,0.26549762321722187,P,1.0,L,V4,Chabo,-1.0,-1.4000000000000001,2.0
1166,Chabo_L_P_2_4,V4,10,0.25871777534484863,layer4.0,8,0.4529091895165701,P,4.0,L,V4,Chabo,-1.0,-0.2,2.0
1167,Chabo_L_P_2_6,V4,11,0.23354065418243408,layer4.0,8,0.3558780823159038,P,6.0,L,V4,Chabo,-1.0,0.6000000000000001,2.0
1168,Chabo_L_P_2_7,V4,12,0.21483959257602692,layer4.0,8,0.27513143019015374,P,7.0,L,V4,Chabo,-1.0,1.0,2.0
1169,Chabo_L_P_2_8,V4,13,0.20041781663894653,layer4.0,8,0.2740313277154437,P,8.0,L,V4,Chabo,-1.0,1.4000000000000001,2.0
1170,Chabo_L_P_2_9,V4,14,0.17971989512443542,layer4.0,8,0.17162699761432657,P,9.0,L,V4,Chabo,-1.0,1.8,2.0
1171,Chabo_L_P_3_0,V4,15,0.1617906540632248,layer4.0,8,0.35768931463503184,P,0.0,L,V4,Chabo,-0.6000000000000001,-1.8,3.0
1172,Chabo_L_P_3_1,V4,16,0.14348383247852325,layer4.0,8,0.27429033769472616,P,1.0,L,V4,Chabo,-0.6000000000000001,-1.4000000000000001,3.0
1173,Chabo_L_P_3_5,V4,17,0.12025758624076843,layer4.0,8,0.23538919050728307,P,5.0,L,V4,Chabo,-0.6000000000000001,0.2,3.0
1174,Chabo_L_P_3_7,V4,18,0.11258666217327118,layer4.0,8,0.29742601190491474,P,7.0,L,V4,Chabo,-0.6000000000000001,1.0,3.0
1175,Chabo_L_P_3_9,V4,19,0.10354252904653549,layer4.0,8,0.257894155607626,P,9.0,L,V4,Chabo,-0.6000000000000001,1.8,3.0
1176,Chabo_L_P_4_2,V4,20,0.08750873059034348,layer4.0,8,0.20926203839017332,P,2.0,L,V4,Chabo,-0.2,-1.0,4.0
1177,Chabo_L_P_4_5,V4,21,0.07274828106164932,layer4.0,8,0.15042654353647517,P,5.0,L,V4,Chabo,-0.2,0.2,4.0
1178,Chabo_L_P_0_2,V4,0,5.880706787109375,layer4.0,9,0.7207423866446656,P,2.0,L,V4,Chabo,-1.8,-1.0,0.0
1179,Chabo_L_P_0_3,V4,1,1.980441927909851,layer4.0,9,0.8193939993807737,P,3.0,L,V4,Chabo,-1.8,-0.6000000000000001,0.0
1180,Chabo_L_P_0_6,V4,2,1.155991792678833,layer4.0,9,0.751429240714576,P,6.0,L,V4,Chabo,-1.8,0.6000000000000001,0.0
1181,Chabo_L_P_1_0,V4,3,0.9041620492935181,layer4.0,9,0.5185007224567828,P,0.0,L,V4,Chabo,-1.4000000000000001,-1.8,1.0
1182,Chabo_L_P_1_2,V4,4,0.6592646837234497,layer4.0,9,0.46665526864509516,P,2.0,L,V4,Chabo,-1.4000000000000001,-1.0,1.0
1183,Chabo_L_P_1_4,V4,5,0.5022690892219543,layer4.0,9,0.49017255078749017,P,4.0,L,V4,Chabo,-1.4000000000000001,-0.2,1.0
1184,Chabo_L_P_1_5,V4,6,0.4566143751144409,layer4.0,9,0.39805343446776453,P,5.0,L,V4,Chabo,-1.4000000000000001,0.2,1.0
1185,Chabo_L_P_1_9,V4,7,0.3863619267940521,layer4.0,9,0.46158252125577537,P,9.0,L,V4,Chabo,-1.4000000000000001,1.8,1.0
1186,Chabo_L_P_2_0,V4,8,0.3699948787689209,layer4.0,9,0.4843884225842195,P,0.0,L,V4,Chabo,-1.0,-1.8,2.0
1187,Chabo_L_P_2_1,V4,9,0.3020770251750946,layer4.0,9,0.34186748649613763,P,1.0,L,V4,Chabo,-1.0,-1.4000000000000001,2.0
1188,Chabo_L_P_2_4,V4,10,0.25871777534484863,layer4.0,9,0.4251001757125911,P,4.0,L,V4,Chabo,-1.0,-0.2,2.0
1189,Chabo_L_P_2_6,V4,11,0.23354065418243408,layer4.0,9,0.35359876155602366,P,6.0,L,V4,Chabo,-1.0,0.6000000000000001,2.0
1190,Chabo_L_P_2_7,V4,12,0.21483959257602692,layer4.0,9,0.286695484013057,P,7.0,L,V4,Chabo,-1.0,1.0,2.0
1191,Chabo_L_P_2_8,V4,13,0.20041781663894653,layer4.0,9,0.40148583899110524,P,8.0,L,V4,Chabo,-1.0,1.4000000000000001,2.0
1192,Chabo_L_P_2_9,V4,14,0.17971989512443542,layer4.0,9,0.22593110880487507,P,9.0,L,V4,Chabo,-1.0,1.8,2.0
1193,Chabo_L_P_3_0,V4,15,0.1617906540632248,layer4.0,9,0.5245456317511665,P,0.0,L,V4,Chabo,-0.6000000000000001,-1.8,3.0
1194,Chabo_L_P_3_1,V4,16,0.14348383247852325,layer4.0,9,0.3191533185566232,P,1.0,L,V4,Chabo,-0.6000000000000001,-1.4000000000000001,3.0
1195,Chabo_L_P_3_5,V4,17,0.12025758624076843,layer4.0,9,0.3048570315525506,P,5.0,L,V4,Chabo,-0.6000000000000001,0.2,3.0
1196,Chabo_L_P_3_7,V4,18,0.11258666217327118,layer4.0,9,0.27321993143602785,P,7.0,L,V4,Chabo,-0.6000000000000001,1.0,3.0
1197,Chabo_L_P_3_9,V4,19,0.10354252904653549,layer4.0,9,0.31945239182590973,P,9.0,L,V4,Chabo,-0.6000000000000001,1.8,3.0
1198,Chabo_L_P_4_2,V4,20,0.08750873059034348,layer4.0,9,0.25873515018190907,P,2.0,L,V4,Chabo,-0.2,-1.0,4.0
1199,Chabo_L_P_4_5,V4,21,0.07274828106164932,layer4.0,9,0.2180160269054674,P,5.0,L,V4,Chabo,-0.2,0.2,4.0
1200,Chabo_L_A_2_4,IT,0,3.6812963485717773,layer1.0,0,0.6707445375918752,A,4.0,L,cIT,Chabo,-1.0,-0.2,2.0
1201,Chabo_L_A_3_3,IT,1,3.4011659622192383,layer1.0,0,0.6862230962982329,A,3.0,L,cIT,Chabo,-0.6000000000000001,-0.6000000000000001,3.0
1202,Chabo_L_A_3_5,IT,2,1.659846305847168,layer1.0,0,0.7224929309179202,A,5.0,L,aIT,Chabo,-0.6000000000000001,0.2,3.0
1203,Chabo_L_A_4_0,IT,3,0.886062502861023,layer1.0,0,0.7534315765253303,A,0.0,L,cIT,Chabo,-0.2,-1.8,4.0
1204,Chabo_L_A_4_1,IT,4,0.8594349026679993,layer1.0,0,0.5370405551307948,A,1.0,L,cIT,Chabo,-0.2,-1.4000000000000001,4.0
1205,Chabo_L_A_4_2,IT,5,0.7208946347236633,layer1.0,0,0.5949697274524781,A,2.0,L,cIT,Chabo,-0.2,-1.0,4.0
1206,Chabo_L_A_4_3,IT,6,0.6090772747993469,layer1.0,0,0.401870262001061,A,3.0,L,cIT,Chabo,-0.2,-0.6000000000000001,4.0
1207,Chabo_L_A_4_4,IT,7,0.544077455997467,layer1.0,0,0.4561564505691188,A,4.0,L,cIT,Chabo,-0.2,-0.2,4.0
1208,Chabo_L_A_4_5,IT,8,0.4565798044204712,layer1.0,0,0.46587512994139024,A,5.0,L,aIT,Chabo,-0.2,0.2,4.0
1209,Chabo_L_A_4_6,IT,9,0.42317721247673035,layer1.0,0,0.4573175505139325,A,6.0,L,aIT,Chabo,-0.2,0.6000000000000001,4.0
1210,Chabo_L_A_5_2,IT,10,0.3812921643257141,layer1.0,0,0.3968089308685039,A,2.0,L,cIT,Chabo,0.2,-1.0,5.0
1211,Chabo_L_A_5_3,IT,11,0.3442783057689667,layer1.0,0,0.399959385499786,A,3.0,L,cIT,Chabo,0.2,-0.6000000000000001,5.0
1212,Chabo_L_A_5_5,IT,12,0.32809802889823914,layer1.0,0,0.4859198061782113,A,5.0,L,aIT,Chabo,0.2,0.2,5.0
1213,Chabo_L_A_6_0,IT,13,0.29826509952545166,layer1.0,0,0.43272368629778646,A,0.0,L,cIT,Chabo,0.6000000000000001,-1.8,6.0
1214,Chabo_L_A_6_1,IT,14,0.27354103326797485,layer1.0,0,0.3923260651308924,A,1.0,L,cIT,Chabo,0.6000000000000001,-1.4000000000000001,6.0
1215,Chabo_L_A_6_2,IT,15,0.25467604398727417,layer1.0,0,0.30249899534546176,A,2.0,L,cIT,Chabo,0.6000000000000001,-1.0,6.0
1216,Chabo_L_A_6_3,IT,16,0.23339621722698212,layer1.0,0,0.21556921176089341,A,3.0,L,cIT,Chabo,0.6000000000000001,-0.6000000000000001,6.0
1217,Chabo_L_A_6_4,IT,17,0.2312329262495041,layer1.0,0,0.3362309360314706,A,4.0,L,cIT,Chabo,0.6000000000000001,-0.2,6.0
1218,Chabo_L_A_6_5,IT,18,0.21220755577087402,layer1.0,0,0.379191561166237,A,5.0,L,aIT,Chabo,0.6000000000000001,0.2,6.0
1219,Chabo_L_A_6_6,IT,19,0.20158156752586365,layer1.0,0,0.36467584288641464,A,6.0,L,aIT,Chabo,0.6000000000000001,0.6000000000000001,6.0
1220,Chabo_L_A_7_1,IT,20,0.18825098872184753,layer1.0,0,0.3623257389202239,A,1.0,L,cIT,Chabo,1.0,-1.4000000000000001,7.0
1221,Chabo_L_A_7_2,IT,21,0.1796884983778,layer1.0,0,0.36205784916972106,A,2.0,L,cIT,Chabo,1.0,-1.0,7.0
1222,Chabo_L_A_7_3,IT,22,0.1678178757429123,layer1.0,0,0.15001755078774617,A,3.0,L,cIT,Chabo,1.0,-0.6000000000000001,7.0
1223,Chabo_L_A_7_4,IT,23,0.15748971700668335,layer1.0,0,0.2759155496881392,A,4.0,L,cIT,Chabo,1.0,-0.2,7.0
1224,Chabo_L_A_7_7,IT,24,0.14034046232700348,layer1.0,0,0.21308763213642173,A,7.0,L,aIT,Chabo,1.0,1.0,7.0
1225,Chabo_L_A_8_5,IT,25,0.12072154879570007,layer1.0,0,0.19210114820465587,A,5.0,L,aIT,Chabo,1.4000000000000001,0.2,8.0
1226,Chabo_L_A_9_3,IT,26,0.10360349714756012,layer1.0,0,0.1871020564855766,A,3.0,L,cIT,Chabo,1.8,-0.6000000000000001,9.0
1227,Chabo_L_A_2_4,IT,0,3.6812963485717773,layer1.0,1,0.6839907042687614,A,4.0,L,cIT,Chabo,-1.0,-0.2,2.0
1228,Chabo_L_A_3_3,IT,1,3.4011659622192383,layer1.0,1,0.6224699469759047,A,3.0,L,cIT,Chabo,-0.6000000000000001,-0.6000000000000001,3.0
1229,Chabo_L_A_3_5,IT,2,1.659846305847168,layer1.0,1,0.7131711832920029,A,5.0,L,aIT,Chabo,-0.6000000000000001,0.2,3.0
1230,Chabo_L_A_4_0,IT,3,0.886062502861023,layer1.0,1,0.7007199486173654,A,0.0,L,cIT,Chabo,-0.2,-1.8,4.0
1231,Chabo_L_A_4_1,IT,4,0.8594349026679993,layer1.0,1,0.5563835013712417,A,1.0,L,cIT,Chabo,-0.2,-1.4000000000000001,4.0
1232,Chabo_L_A_4_2,IT,5,0.7208946347236633,layer1.0,1,0.5295749472769151,A,2.0,L,cIT,Chabo,-0.2,-1.0,4.0
1233,Chabo_L_A_4_3,IT,6,0.6090772747993469,layer1.0,1,0.4187020711138803,A,3.0,L,cIT,Chabo,-0.2,-0.6000000000000001,4.0
1234,Chabo_L_A_4_4,IT,7,0.544077455997467,layer1.0,1,0.34552301140641467,A,4.0,L,cIT,Chabo,-0.2,-0.2,4.0
1235,Chabo_L_A_4_5,IT,8,0.4565798044204712,layer1.0,1,0.456346880502347,A,5.0,L,aIT,Chabo,-0.2,0.2,4.0
1236,Chabo_L_A_4_6,IT,9,0.42317721247673035,layer1.0,1,0.3562770658305703,A,6.0,L,aIT,Chabo,-0.2,0.6000000000000001,4.0
1237,Chabo_L_A_5_2,IT,10,0.3812921643257141,layer1.0,1,0.36852838982002334,A,2.0,L,cIT,Chabo,0.2,-1.0,5.0
1238,Chabo_L_A_5_3,IT,11,0.3442783057689667,layer1.0,1,0.4858157563030956,A,3.0,L,cIT,Chabo,0.2,-0.6000000000000001,5.0
1239,Chabo_L_A_5_5,IT,12,0.32809802889823914,layer1.0,1,0.465458835486054,A,5.0,L,aIT,Chabo,0.2,0.2,5.0
1240,Chabo_L_A_6_0,IT,13,0.29826509952545166,layer1.0,1,0.3509105093968969,A,0.0,L,cIT,Chabo,0.6000000000000001,-1.8,6.0
1241,Chabo_L_A_6_1,IT,14,0.27354103326797485,layer1.0,1,0.4468885866110117,A,1.0,L,cIT,Chabo,0.6000000000000001,-1.4000000000000001,6.0
1242,Chabo_L_A_6_2,IT,15,0.25467604398727417,layer1.0,1,0.36610946372803965,A,2.0,L,cIT,Chabo,0.6000000000000001,-1.0,6.0
1243,Chabo_L_A_6_3,IT,16,0.23339621722698212,layer1.0,1,0.3172980515200058,A,3.0,L,cIT,Chabo,0.6000000000000001,-0.6000000000000001,6.0
1244,Chabo_L_A_6_4,IT,17,0.2312329262495041,layer1.0,1,0.26315720953089866,A,4.0,L,cIT,Chabo,0.6000000000000001,-0.2,6.0
1245,Chabo_L_A_6_5,IT,18,0.21220755577087402,layer1.0,1,0.39447972295147893,A,5.0,L,aIT,Chabo,0.6000000000000001,0.2,6.0
1246,Chabo_L_A_6_6,IT,19,0.20158156752586365,layer1.0,1,0.3223637348995769,A,6.0,L,aIT,Chabo,0.6000000000000001,0.6000000000000001,6.0
1247,Chabo_L_A_7_1,IT,20,0.18825098872184753,layer1.0,1,0.3864902584240982,A,1.0,L,cIT,Chabo,1.0,-1.4000000000000001,7.0
1248,Chabo_L_A_7_2,IT,21,0.1796884983778,layer1.0,1,0.3311032021866465,A,2.0,L,cIT,Chabo,1.0,-1.0,7.0
1249,Chabo_L_A_7_3,IT,22,0.1678178757429123,layer1.0,1,0.20690253523286412,A,3.0,L,cIT,Chabo,1.0,-0.6000000000000001,7.0
1250,Chabo_L_A_7_4,IT,23,0.15748971700668335,layer1.0,1,0.3306762971269235,A,4.0,L,cIT,Chabo,1.0,-0.2,7.0
1251,Chabo_L_A_7_7,IT,24,0.14034046232700348,layer1.0,1,0.21038084105420551,A,7.0,L,aIT,Chabo,1.0,1.0,7.0
1252,Chabo_L_A_8_5,IT,25,0.12072154879570007,layer1.0,1,0.1949308702430969,A,5.0,L,aIT,Chabo,1.4000000000000001,0.2,8.0
1253,Chabo_L_A_9_3,IT,26,0.10360349714756012,layer1.0,1,0.03207282958619013,A,3.0,L,cIT,Chabo,1.8,-0.6000000000000001,9.0
1254,Chabo_L_A_2_4,IT,0,3.6812963485717773,layer1.0,2,0.6720371047681224,A,4.0,L,cIT,Chabo,-1.0,-0.2,2.0
1255,Chabo_L_A_3_3,IT,1,3.4011659622192383,layer1.0,2,0.6309755511420829,A,3.0,L,cIT,Chabo,-0.6000000000000001,-0.6000000000000001,3.0
1256,Chabo_L_A_3_5,IT,2,1.659846305847168,layer1.0,2,0.7270199957552627,A,5.0,L,aIT,Chabo,-0.6000000000000001,0.2,3.0
1257,Chabo_L_A_4_0,IT,3,0.886062502861023,layer1.0,2,0.6977541415681869,A,0.0,L,cIT,Chabo,-0.2,-1.8,4.0
1258,Chabo_L_A_4_1,IT,4,0.8594349026679993,layer1.0,2,0.5487478206625159,A,1.0,L,cIT,Chabo,-0.2,-1.4000000000000001,4.0
1259,Chabo_L_A_4_2,IT,5,0.7208946347236633,layer1.0,2,0.5172658658885454,A,2.0,L,cIT,Chabo,-0.2,-1.0,4.0
1260,Chabo_L_A_4_3,IT,6,0.6090772747993469,layer1.0,2,0.48883473500896757,A,3.0,L,cIT,Chabo,-0.2,-0.6000000000000001,4.0
1261,Chabo_L_A_4_4,IT,7,0.544077455997467,layer1.0,2,0.4344741832192635,A,4.0,L,cIT,Chabo,-0.2,-0.2,4.0
1262,Chabo_L_A_4_5,IT,8,0.4565798044204712,layer1.0,2,0.4598495176542571,A,5.0,L,aIT,Chabo,-0.2,0.2,4.0
1263,Chabo_L_A_4_6,IT,9,0.42317721247673035,layer1.0,2,0.46310518604911766,A,6.0,L,aIT,Chabo,-0.2,0.6000000000000001,4.0
1264,Chabo_L_A_5_2,IT,10,0.3812921643257141,layer1.0,2,0.4336819509422003,A,2.0,L,cIT,Chabo,0.2,-1.0,5.0
1265,Chabo_L_A_5_3,IT,11,0.3442783057689667,layer1.0,2,0.4223542088527368,A,3.0,L,cIT,Chabo,0.2,-0.6000000000000001,5.0
1266,Chabo_L_A_5_5,IT,12,0.32809802889823914,layer1.0,2,0.48754817230974906,A,5.0,L,aIT,Chabo,0.2,0.2,5.0
1267,Chabo_L_A_6_0,IT,13,0.29826509952545166,layer1.0,2,0.32996354705384934,A,0.0,L,cIT,Chabo,0.6000000000000001,-1.8,6.0
1268,Chabo_L_A_6_1,IT,14,0.27354103326797485,layer1.0,2,0.37673476041886256,A,1.0,L,cIT,Chabo,0.6000000000000001,-1.4000000000000001,6.0
1269,Chabo_L_A_6_2,IT,15,0.25467604398727417,layer1.0,2,0.42372501358487186,A,2.0,L,cIT,Chabo,0.6000000000000001,-1.0,6.0
1270,Chabo_L_A_6_3,IT,16,0.23339621722698212,layer1.0,2,0.28728098790260614,A,3.0,L,cIT,Chabo,0.6000000000000001,-0.6000000000000001,6.0
1271,Chabo_L_A_6_4,IT,17,0.2312329262495041,layer1.0,2,0.3034725981293959,A,4.0,L,cIT,Chabo,0.6000000000000001,-0.2,6.0
1272,Chabo_L_A_6_5,IT,18,0.21220755577087402,layer1.0,2,0.3468985293025646,A,5.0,L,aIT,Chabo,0.6000000000000001,0.2,6.0
1273,Chabo_L_A_6_6,IT,19,0.20158156752586365,layer1.0,2,0.3172043346599803,A,6.0,L,aIT,Chabo,0.6000000000000001,0.6000000000000001,6.0
1274,Chabo_L_A_7_1,IT,20,0.18825098872184753,layer1.0,2,0.26295006294967005,A,1.0,L,cIT,Chabo,1.0,-1.4000000000000001,7.0
1275,Chabo_L_A_7_2,IT,21,0.1796884983778,layer1.0,2,0.33613789863418325,A,2.0,L,cIT,Chabo,1.0,-1.0,7.0
1276,Chabo_L_A_7_3,IT,22,0.1678178757429123,layer1.0,2,0.18036789767427552,A,3.0,L,cIT,Chabo,1.0,-0.6000000000000001,7.0
1277,Chabo_L_A_7_4,IT,23,0.15748971700668335,layer1.0,2,0.42794334752800567,A,4.0,L,cIT,Chabo,1.0,-0.2,7.0
1278,Chabo_L_A_7_7,IT,24,0.14034046232700348,layer1.0,2,0.3425647835187572,A,7.0,L,aIT,Chabo,1.0,1.0,7.0
1279,Chabo_L_A_8_5,IT,25,0.12072154879570007,layer1.0,2,0.1435105797755034,A,5.0,L,aIT,Chabo,1.4000000000000001,0.2,8.0
1280,Chabo_L_A_9_3,IT,26,0.10360349714756012,layer1.0,2,0.10066715881018595,A,3.0,L,cIT,Chabo,1.8,-0.6000000000000001,9.0
1281,Chabo_L_A_2_4,IT,0,3.6812963485717773,layer1.0,3,0.6939964475351481,A,4.0,L,cIT,Chabo,-1.0,-0.2,2.0
1282,Chabo_L_A_3_3,IT,1,3.4011659622192383,layer1.0,3,0.6369106474805217,A,3.0,L,cIT,Chabo,-0.6000000000000001,-0.6000000000000001,3.0
1283,Chabo_L_A_3_5,IT,2,1.659846305847168,layer1.0,3,0.7242781194505576,A,5.0,L,aIT,Chabo,-0.6000000000000001,0.2,3.0
1284,Chabo_L_A_4_0,IT,3,0.886062502861023,layer1.0,3,0.7289012109576685,A,0.0,L,cIT,Chabo,-0.2,-1.8,4.0
1285,Chabo_L_A_4_1,IT,4,0.8594349026679993,layer1.0,3,0.5904662050384251,A,1.0,L,cIT,Chabo,-0.2,-1.4000000000000001,4.0
1286,Chabo_L_A_4_2,IT,5,0.7208946347236633,layer1.0,3,0.5072705363083981,A,2.0,L,cIT,Chabo,-0.2,-1.0,4.0
1287,Chabo_L_A_4_3,IT,6,0.6090772747993469,layer1.0,3,0.36574620934156615,A,3.0,L,cIT,Chabo,-0.2,-0.6000000000000001,4.0
1288,Chabo_L_A_4_4,IT,7,0.544077455997467,layer1.0,3,0.4608888912009276,A,4.0,L,cIT,Chabo,-0.2,-0.2,4.0
1289,Chabo_L_A_4_5,IT,8,0.4565798044204712,layer1.0,3,0.48793105727550395,A,5.0,L,aIT,Chabo,-0.2,0.2,4.0
1290,Chabo_L_A_4_6,IT,9,0.42317721247673035,layer1.0,3,0.454809694901665,A,6.0,L,aIT,Chabo,-0.2,0.6000000000000001,4.0
1291,Chabo_L_A_5_2,IT,10,0.3812921643257141,layer1.0,3,0.32815572329169507,A,2.0,L,cIT,Chabo,0.2,-1.0,5.0
1292,Chabo_L_A_5_3,IT,11,0.3442783057689667,layer1.0,3,0.40136789248674654,A,3.0,L,cIT,Chabo,0.2,-0.6000000000000001,5.0
1293,Chabo_L_A_5_5,IT,12,0.32809802889823914,layer1.0,3,0.5019250774945276,A,5.0,L,aIT,Chabo,0.2,0.2,5.0
1294,Chabo_L_A_6_0,IT,13,0.29826509952545166,layer1.0,3,0.3569770255424543,A,0.0,L,cIT,Chabo,0.6000000000000001,-1.8,6.0
1295,Chabo_L_A_6_1,IT,14,0.27354103326797485,layer1.0,3,0.421124324852358,A,1.0,L,cIT,Chabo,0.6000000000000001,-1.4000000000000001,6.0
1296,Chabo_L_A_6_2,IT,15,0.25467604398727417,layer1.0,3,0.4019822195900117,A,2.0,L,cIT,Chabo,0.6000000000000001,-1.0,6.0
1297,Chabo_L_A_6_3,IT,16,0.23339621722698212,layer1.0,3,0.2777435690987314,A,3.0,L,cIT,Chabo,0.6000000000000001,-0.6000000000000001,6.0
1298,Chabo_L_A_6_4,IT,17,0.2312329262495041,layer1.0,3,0.38505372571790947,A,4.0,L,cIT,Chabo,0.6000000000000001,-0.2,6.0
1299,Chabo_L_A_6_5,IT,18,0.21220755577087402,layer1.0,3,0.3865763851714072,A,5.0,L,aIT,Chabo,0.6000000000000001,0.2,6.0
1300,Chabo_L_A_6_6,IT,19,0.20158156752586365,layer1.0,3,0.3024884097456438,A,6.0,L,aIT,Chabo,0.6000000000000001,0.6000000000000001,6.0
1301,Chabo_L_A_7_1,IT,20,0.18825098872184753,layer1.0,3,0.33125560023732714,A,1.0,L,cIT,Chabo,1.0,-1.4000000000000001,7.0
1302,Chabo_L_A_7_2,IT,21,0.1796884983778,layer1.0,3,0.31054762129700686,A,2.0,L,cIT,Chabo,1.0,-1.0,7.0
1303,Chabo_L_A_7_3,IT,22,0.1678178757429123,layer1.0,3,0.16007071814974616,A,3.0,L,cIT,Chabo,1.0,-0.6000000000000001,7.0
1304,Chabo_L_A_7_4,IT,23,0.15748971700668335,layer1.0,3,0.3196050446884584,A,4.0,L,cIT,Chabo,1.0,-0.2,7.0
1305,Chabo_L_A_7_7,IT,24,0.14034046232700348,layer1.0,3,0.3464761981531044,A,7.0,L,aIT,Chabo,1.0,1.0,7.0
1306,Chabo_L_A_8_5,IT,25,0.12072154879570007,layer1.0,3,0.16242630824143084,A,5.0,L,aIT,Chabo,1.4000000000000001,0.2,8.0
1307,Chabo_L_A_9_3,IT,26,0.10360349714756012,layer1.0,3,0.12331677839352716,A,3.0,L,cIT,Chabo,1.8,-0.6000000000000001,9.0
1308,Chabo_L_A_2_4,IT,0,3.6812963485717773,layer1.0,4,0.6536158276163022,A,4.0,L,cIT,Chabo,-1.0,-0.2,2.0
1309,Chabo_L_A_3_3,IT,1,3.4011659622192383,layer1.0,4,0.7061706693974699,A,3.0,L,cIT,Chabo,-0.6000000000000001,-0.6000000000000001,3.0
1310,Chabo_L_A_3_5,IT,2,1.659846305847168,layer1.0,4,0.7184876717022127,A,5.0,L,aIT,Chabo,-0.6000000000000001,0.2,3.0
1311,Chabo_L_A_4_0,IT,3,0.886062502861023,layer1.0,4,0.736326539679139,A,0.0,L,cIT,Chabo,-0.2,-1.8,4.0
1312,Chabo_L_A_4_1,IT,4,0.8594349026679993,layer1.0,4,0.5545640673058829,A,1.0,L,cIT,Chabo,-0.2,-1.4000000000000001,4.0
1313,Chabo_L_A_4_2,IT,5,0.7208946347236633,layer1.0,4,0.5210356636671425,A,2.0,L,cIT,Chabo,-0.2,-1.0,4.0
1314,Chabo_L_A_4_3,IT,6,0.6090772747993469,layer1.0,4,0.4213633740620718,A,3.0,L,cIT,Chabo,-0.2,-0.6000000000000001,4.0
1315,Chabo_L_A_4_4,IT,7,0.544077455997467,layer1.0,4,0.4767760378772323,A,4.0,L,cIT,Chabo,-0.2,-0.2,4.0
1316,Chabo_L_A_4_5,IT,8,0.4565798044204712,layer1.0,4,0.5520388186690229,A,5.0,L,aIT,Chabo,-0.2,0.2,4.0
1317,Chabo_L_A_4_6,IT,9,0.42317721247673035,layer1.0,4,0.43002549575997756,A,6.0,L,aIT,Chabo,-0.2,0.6000000000000001,4.0
1318,Chabo_L_A_5_2,IT,10,0.3812921643257141,layer1.0,4,0.34934692814750445,A,2.0,L,cIT,Chabo,0.2,-1.0,5.0
1319,Chabo_L_A_5_3,IT,11,0.3442783057689667,layer1.0,4,0.3890566399137104,A,3.0,L,cIT,Chabo,0.2,-0.6000000000000001,5.0
1320,Chabo_L_A_5_5,IT,12,0.32809802889823914,layer1.0,4,0.41100687303339134,A,5.0,L,aIT,Chabo,0.2,0.2,5.0
1321,Chabo_L_A_6_0,IT,13,0.29826509952545166,layer1.0,4,0.4153539495321643,A,0.0,L,cIT,Chabo,0.6000000000000001,-1.8,6.0
1322,Chabo_L_A_6_1,IT,14,0.27354103326797485,layer1.0,4,0.432034775192342,A,1.0,L,cIT,Chabo,0.6000000000000001,-1.4000000000000001,6.0
1323,Chabo_L_A_6_2,IT,15,0.25467604398727417,layer1.0,4,0.33664596357443805,A,2.0,L,cIT,Chabo,0.6000000000000001,-1.0,6.0
1324,Chabo_L_A_6_3,IT,16,0.23339621722698212,layer1.0,4,0.2492857847026831,A,3.0,L,cIT,Chabo,0.6000000000000001,-0.6000000000000001,6.0
1325,Chabo_L_A_6_4,IT,17,0.2312329262495041,layer1.0,4,0.34981360155719415,A,4.0,L,cIT,Chabo,0.6000000000000001,-0.2,6.0
1326,Chabo_L_A_6_5,IT,18,0.21220755577087402,layer1.0,4,0.4128876573541712,A,5.0,L,aIT,Chabo,0.6000000000000001,0.2,6.0
1327,Chabo_L_A_6_6,IT,19,0.20158156752586365,layer1.0,4,0.37336461025793355,A,6.0,L,aIT,Chabo,0.6000000000000001,0.6000000000000001,6.0
1328,Chabo_L_A_7_1,IT,20,0.18825098872184753,layer1.0,4,0.22987724826460432,A,1.0,L,cIT,Chabo,1.0,-1.4000000000000001,7.0
1329,Chabo_L_A_7_2,IT,21,0.1796884983778,layer1.0,4,0.3610505193932117,A,2.0,L,cIT,Chabo,1.0,-1.0,7.0
1330,Chabo_L_A_7_3,IT,22,0.1678178757429123,layer1.0,4,0.15514390527687458,A,3.0,L,cIT,Chabo,1.0,-0.6000000000000001,7.0
1331,Chabo_L_A_7_4,IT,23,0.15748971700668335,layer1.0,4,0.37440866421102137,A,4.0,L,cIT,Chabo,1.0,-0.2,7.0
1332,Chabo_L_A_7_7,IT,24,0.14034046232700348,layer1.0,4,0.2449227463915037,A,7.0,L,aIT,Chabo,1.0,1.0,7.0
1333,Chabo_L_A_8_5,IT,25,0.12072154879570007,layer1.0,4,0.22436191744336992,A,5.0,L,aIT,Chabo,1.4000000000000001,0.2,8.0
1334,Chabo_L_A_9_3,IT,26,0.10360349714756012,layer1.0,4,0.11089488621339916,A,3.0,L,cIT,Chabo,1.8,-0.6000000000000001,9.0
1335,Chabo_L_A_2_4,IT,0,3.6812963485717773,layer1.0,5,0.6439254173962747,A,4.0,L,cIT,Chabo,-1.0,-0.2,2.0
1336,Chabo_L_A_3_3,IT,1,3.4011659622192383,layer1.0,5,0.7238808791794042,A,3.0,L,cIT,Chabo,-0.6000000000000001,-0.6000000000000001,3.0
1337,Chabo_L_A_3_5,IT,2,1.659846305847168,layer1.0,5,0.7322692270080045,A,5.0,L,aIT,Chabo,-0.6000000000000001,0.2,3.0
1338,Chabo_L_A_4_0,IT,3,0.886062502861023,layer1.0,5,0.7509987906665645,A,0.0,L,cIT,Chabo,-0.2,-1.8,4.0
1339,Chabo_L_A_4_1,IT,4,0.8594349026679993,layer1.0,5,0.5586537115885142,A,1.0,L,cIT,Chabo,-0.2,-1.4000000000000001,4.0
1340,Chabo_L_A_4_2,IT,5,0.7208946347236633,layer1.0,5,0.5478848777723173,A,2.0,L,cIT,Chabo,-0.2,-1.0,4.0
1341,Chabo_L_A_4_3,IT,6,0.6090772747993469,layer1.0,5,0.36817098776369267,A,3.0,L,cIT,Chabo,-0.2,-0.6000000000000001,4.0
1342,Chabo_L_A_4_4,IT,7,0.544077455997467,layer1.0,5,0.4495547708748049,A,4.0,L,cIT,Chabo,-0.2,-0.2,4.0
1343,Chabo_L_A_4_5,IT,8,0.4565798044204712,layer1.0,5,0.4317686892424049,A,5.0,L,aIT,Chabo,-0.2,0.2,4.0
1344,Chabo_L_A_4_6,IT,9,0.42317721247673035,layer1.0,5,0.4613193544577959,A,6.0,L,aIT,Chabo,-0.2,0.6000000000000001,4.0
1345,Chabo_L_A_5_2,IT,10,0.3812921643257141,layer1.0,5,0.3744770935492645,A,2.0,L,cIT,Chabo,0.2,-1.0,5.0
1346,Chabo_L_A_5_3,IT,11,0.3442783057689667,layer1.0,5,0.4516801428100484,A,3.0,L,cIT,Chabo,0.2,-0.6000000000000001,5.0
1347,Chabo_L_A_5_5,IT,12,0.32809802889823914,layer1.0,5,0.5240782648218222,A,5.0,L,aIT,Chabo,0.2,0.2,5.0
1348,Chabo_L_A_6_0,IT,13,0.29826509952545166,layer1.0,5,0.37707567127310154,A,0.0,L,cIT,Chabo,0.6000000000000001,-1.8,6.0
1349,Chabo_L_A_6_1,IT,14,0.27354103326797485,layer1.0,5,0.3914314870361493,A,1.0,L,cIT,Chabo,0.6000000000000001,-1.4000000000000001,6.0
1350,Chabo_L_A_6_2,IT,15,0.25467604398727417,layer1.0,5,0.23687231697074165,A,2.0,L,cIT,Chabo,0.6000000000000001,-1.0,6.0
1351,Chabo_L_A_6_3,IT,16,0.23339621722698212,layer1.0,5,0.21310372552414691,A,3.0,L,cIT,Chabo,0.6000000000000001,-0.6000000000000001,6.0
1352,Chabo_L_A_6_4,IT,17,0.2312329262495041,layer1.0,5,0.3427325297525937,A,4.0,L,cIT,Chabo,0.6000000000000001,-0.2,6.0
1353,Chabo_L_A_6_5,IT,18,0.21220755577087402,layer1.0,5,0.4148810764395504,A,5.0,L,aIT,Chabo,0.6000000000000001,0.2,6.0
1354,Chabo_L_A_6_6,IT,19,0.20158156752586365,layer1.0,5,0.2769904039887558,A,6.0,L,aIT,Chabo,0.6000000000000001,0.6000000000000001,6.0
1355,Chabo_L_A_7_1,IT,20,0.18825098872184753,layer1.0,5,0.2949922628227904,A,1.0,L,cIT,Chabo,1.0,-1.4000000000000001,7.0
1356,Chabo_L_A_7_2,IT,21,0.1796884983778,layer1.0,5,0.39141681334715134,A,2.0,L,cIT,Chabo,1.0,-1.0,7.0
1357,Chabo_L_A_7_3,IT,22,0.1678178757429123,layer1.0,5,0.15401442881300415,A,3.0,L,cIT,Chabo,1.0,-0.6000000000000001,7.0
1358,Chabo_L_A_7_4,IT,23,0.15748971700668335,layer1.0,5,0.2943071698116542,A,4.0,L,cIT,Chabo,1.0,-0.2,7.0
1359,Chabo_L_A_7_7,IT,24,0.14034046232700348,layer1.0,5,0.29420193318660826,A,7.0,L,aIT,Chabo,1.0,1.0,7.0
1360,Chabo_L_A_8_5,IT,25,0.12072154879570007,layer1.0,5,0.19628166167693656,A,5.0,L,aIT,Chabo,1.4000000000000001,0.2,8.0
1361,Chabo_L_A_9_3,IT,26,0.10360349714756012,layer1.0,5,0.11182971848519258,A,3.0,L,cIT,Chabo,1.8,-0.6000000000000001,9.0
1362,Chabo_L_A_2_4,IT,0,3.6812963485717773,layer1.0,6,0.6902152643394435,A,4.0,L,cIT,Chabo,-1.0,-0.2,2.0
1363,Chabo_L_A_3_3,IT,1,3.4011659622192383,layer1.0,6,0.6649724666612935,A,3.0,L,cIT,Chabo,-0.6000000000000001,-0.6000000000000001,3.0
1364,Chabo_L_A_3_5,IT,2,1.659846305847168,layer1.0,6,0.7336973159679707,A,5.0,L,aIT,Chabo,-0.6000000000000001,0.2,3.0
1365,Chabo_L_A_4_0,IT,3,0.886062502861023,layer1.0,6,0.7601335164149822,A,0.0,L,cIT,Chabo,-0.2,-1.8,4.0
1366,Chabo_L_A_4_1,IT,4,0.8594349026679993,layer1.0,6,0.5421104347164951,A,1.0,L,cIT,Chabo,-0.2,-1.4000000000000001,4.0
1367,Chabo_L_A_4_2,IT,5,0.7208946347236633,layer1.0,6,0.5168558541278442,A,2.0,L,cIT,Chabo,-0.2,-1.0,4.0
1368,Chabo_L_A_4_3,IT,6,0.6090772747993469,layer1.0,6,0.49517373086036115,A,3.0,L,cIT,Chabo,-0.2,-0.6000000000000001,4.0
1369,Chabo_L_A_4_4,IT,7,0.544077455997467,layer1.0,6,0.44727794121185416,A,4.0,L,cIT,Chabo,-0.2,-0.2,4.0
1370,Chabo_L_A_4_5,IT,8,0.4565798044204712,layer1.0,6,0.41116836853058736,A,5.0,L,aIT,Chabo,-0.2,0.2,4.0
1371,Chabo_L_A_4_6,IT,9,0.42317721247673035,layer1.0,6,0.3802861354502952,A,6.0,L,aIT,Chabo,-0.2,0.6000000000000001,4.0
1372,Chabo_L_A_5_2,IT,10,0.3812921643257141,layer1.0,6,0.39137523124390794,A,2.0,L,cIT,Chabo,0.2,-1.0,5.0
1373,Chabo_L_A_5_3,IT,11,0.3442783057689667,layer1.0,6,0.3568907398003695,A,3.0,L,cIT,Chabo,0.2,-0.6000000000000001,5.0
1374,Chabo_L_A_5_5,IT,12,0.32809802889823914,layer1.0,6,0.5436800140500962,A,5.0,L,aIT,Chabo,0.2,0.2,5.0
1375,Chabo_L_A_6_0,IT,13,0.29826509952545166,layer1.0,6,0.30951277745784533,A,0.0,L,cIT,Chabo,0.6000000000000001,-1.8,6.0
1376,Chabo_L_A_6_1,IT,14,0.27354103326797485,layer1.0,6,0.5131304898863869,A,1.0,L,cIT,Chabo,0.6000000000000001,-1.4000000000000001,6.0
1377,Chabo_L_A_6_2,IT,15,0.25467604398727417,layer1.0,6,0.2451486726097649,A,2.0,L,cIT,Chabo,0.6000000000000001,-1.0,6.0
1378,Chabo_L_A_6_3,IT,16,0.23339621722698212,layer1.0,6,0.20914052315702014,A,3.0,L,cIT,Chabo,0.6000000000000001,-0.6000000000000001,6.0
1379,Chabo_L_A_6_4,IT,17,0.2312329262495041,layer1.0,6,0.3755598849525138,A,4.0,L,cIT,Chabo,0.6000000000000001,-0.2,6.0
1380,Chabo_L_A_6_5,IT,18,0.21220755577087402,layer1.0,6,0.3012960194063822,A,5.0,L,aIT,Chabo,0.6000000000000001,0.2,6.0
1381,Chabo_L_A_6_6,IT,19,0.20158156752586365,layer1.0,6,0.30268539075696754,A,6.0,L,aIT,Chabo,0.6000000000000001,0.6000000000000001,6.0
1382,Chabo_L_A_7_1,IT,20,0.18825098872184753,layer1.0,6,0.26002787583872766,A,1.0,L,cIT,Chabo,1.0,-1.4000000000000001,7.0
1383,Chabo_L_A_7_2,IT,21,0.1796884983778,layer1.0,6,0.2907917252141118,A,2.0,L,cIT,Chabo,1.0,-1.0,7.0
1384,Chabo_L_A_7_3,IT,22,0.1678178757429123,layer1.0,6,0.2021878836264024,A,3.0,L,cIT,Chabo,1.0,-0.6000000000000001,7.0
1385,Chabo_L_A_7_4,IT,23,0.15748971700668335,layer1.0,6,0.3459705756354192,A,4.0,L,cIT,Chabo,1.0,-0.2,7.0
1386,Chabo_L_A_7_7,IT,24,0.14034046232700348,layer1.0,6,0.20268817364033798,A,7.0,L,aIT,Chabo,1.0,1.0,7.0
1387,Chabo_L_A_8_5,IT,25,0.12072154879570007,layer1.0,6,0.25008247058457533,A,5.0,L,aIT,Chabo,1.4000000000000001,0.2,8.0
1388,Chabo_L_A_9_3,IT,26,0.10360349714756012,layer1.0,6,0.12959410243070685,A,3.0,L,cIT,Chabo,1.8,-0.6000000000000001,9.0
1389,Chabo_L_A_2_4,IT,0,3.6812963485717773,layer1.0,7,0.7182034164369768,A,4.0,L,cIT,Chabo,-1.0,-0.2,2.0
1390,Chabo_L_A_3_3,IT,1,3.4011659622192383,layer1.0,7,0.669336379581585,A,3.0,L,cIT,Chabo,-0.6000000000000001,-0.6000000000000001,3.0
1391,Chabo_L_A_3_5,IT,2,1.659846305847168,layer1.0,7,0.6165885679615919,A,5.0,L,aIT,Chabo,-0.6000000000000001,0.2,3.0
1392,Chabo_L_A_4_0,IT,3,0.886062502861023,layer1.0,7,0.6868553982189312,A,0.0,L,cIT,Chabo,-0.2,-1.8,4.0
1393,Chabo_L_A_4_1,IT,4,0.8594349026679993,layer1.0,7,0.5721833134515575,A,1.0,L,cIT,Chabo,-0.2,-1.4000000000000001,4.0
1394,Chabo_L_A_4_2,IT,5,0.7208946347236633,layer1.0,7,0.5337261392275061,A,2.0,L,cIT,Chabo,-0.2,-1.0,4.0
1395,Chabo_L_A_4_3,IT,6,0.6090772747993469,layer1.0,7,0.42467834083091094,A,3.0,L,cIT,Chabo,-0.2,-0.6000000000000001,4.0
1396,Chabo_L_A_4_4,IT,7,0.544077455997467,layer1.0,7,0.3747103161721371,A,4.0,L,cIT,Chabo,-0.2,-0.2,4.0
1397,Chabo_L_A_4_5,IT,8,0.4565798044204712,layer1.0,7,0.36648974795705164,A,5.0,L,aIT,Chabo,-0.2,0.2,4.0
1398,Chabo_L_A_4_6,IT,9,0.42317721247673035,layer1.0,7,0.408897088371462,A,6.0,L,aIT,Chabo,-0.2,0.6000000000000001,4.0
1399,Chabo_L_A_5_2,IT,10,0.3812921643257141,layer1.0,7,0.4121011519198554,A,2.0,L,cIT,Chabo,0.2,-1.0,5.0
1400,Chabo_L_A_5_3,IT,11,0.3442783057689667,layer1.0,7,0.48820904966155004,A,3.0,L,cIT,Chabo,0.2,-0.6000000000000001,5.0
1401,Chabo_L_A_5_5,IT,12,0.32809802889823914,layer1.0,7,0.5216066325258629,A,5.0,L,aIT,Chabo,0.2,0.2,5.0
1402,Chabo_L_A_6_0,IT,13,0.29826509952545166,layer1.0,7,0.3795486429147171,A,0.0,L,cIT,Chabo,0.6000000000000001,-1.8,6.0
1403,Chabo_L_A_6_1,IT,14,0.27354103326797485,layer1.0,7,0.46075828823057713,A,1.0,L,cIT,Chabo,0.6000000000000001,-1.4000000000000001,6.0
1404,Chabo_L_A_6_2,IT,15,0.25467604398727417,layer1.0,7,0.24825572217661268,A,2.0,L,cIT,Chabo,0.6000000000000001,-1.0,6.0
1405,Chabo_L_A_6_3,IT,16,0.23339621722698212,layer1.0,7,0.23739630510118398,A,3.0,L,cIT,Chabo,0.6000000000000001,-0.6000000000000001,6.0
1406,Chabo_L_A_6_4,IT,17,0.2312329262495041,layer1.0,7,0.3928776203493891,A,4.0,L,cIT,Chabo,0.6000000000000001,-0.2,6.0
1407,Chabo_L_A_6_5,IT,18,0.21220755577087402,layer1.0,7,0.3577115528537046,A,5.0,L,aIT,Chabo,0.6000000000000001,0.2,6.0
1408,Chabo_L_A_6_6,IT,19,0.20158156752586365,layer1.0,7,0.2977041165599008,A,6.0,L,aIT,Chabo,0.6000000000000001,0.6000000000000001,6.0
1409,Chabo_L_A_7_1,IT,20,0.18825098872184753,layer1.0,7,0.19075792252390109,A,1.0,L,cIT,Chabo,1.0,-1.4000000000000001,7.0
1410,Chabo_L_A_7_2,IT,21,0.1796884983778,layer1.0,7,0.35159586294646383,A,2.0,L,cIT,Chabo,1.0,-1.0,7.0
1411,Chabo_L_A_7_3,IT,22,0.1678178757429123,layer1.0,7,0.013118362316364474,A,3.0,L,cIT,Chabo,1.0,-0.6000000000000001,7.0
1412,Chabo_L_A_7_4,IT,23,0.15748971700668335,layer1.0,7,0.26708094741674276,A,4.0,L,cIT,Chabo,1.0,-0.2,7.0
1413,Chabo_L_A_7_7,IT,24,0.14034046232700348,layer1.0,7,0.2740487183536189,A,7.0,L,aIT,Chabo,1.0,1.0,7.0
1414,Chabo_L_A_8_5,IT,25,0.12072154879570007,layer1.0,7,0.2012627609259771,A,5.0,L,aIT,Chabo,1.4000000000000001,0.2,8.0
1415,Chabo_L_A_9_3,IT,26,0.10360349714756012,layer1.0,7,0.0829751551994209,A,3.0,L,cIT,Chabo,1.8,-0.6000000000000001,9.0
1416,Chabo_L_A_2_4,IT,0,3.6812963485717773,layer1.0,8,0.664917716030897,A,4.0,L,cIT,Chabo,-1.0,-0.2,2.0
1417,Chabo_L_A_3_3,IT,1,3.4011659622192383,layer1.0,8,0.5893119299188811,A,3.0,L,cIT,Chabo,-0.6000000000000001,-0.6000000000000001,3.0
1418,Chabo_L_A_3_5,IT,2,1.659846305847168,layer1.0,8,0.7175675172188505,A,5.0,L,aIT,Chabo,-0.6000000000000001,0.2,3.0
1419,Chabo_L_A_4_0,IT,3,0.886062502861023,layer1.0,8,0.691452958513008,A,0.0,L,cIT,Chabo,-0.2,-1.8,4.0
1420,Chabo_L_A_4_1,IT,4,0.8594349026679993,layer1.0,8,0.5605123620088632,A,1.0,L,cIT,Chabo,-0.2,-1.4000000000000001,4.0
1421,Chabo_L_A_4_2,IT,5,0.7208946347236633,layer1.0,8,0.5841885736697183,A,2.0,L,cIT,Chabo,-0.2,-1.0,4.0
1422,Chabo_L_A_4_3,IT,6,0.6090772747993469,layer1.0,8,0.4078800036657372,A,3.0,L,cIT,Chabo,-0.2,-0.6000000000000001,4.0
1423,Chabo_L_A_4_4,IT,7,0.544077455997467,layer1.0,8,0.43697553920510834,A,4.0,L,cIT,Chabo,-0.2,-0.2,4.0
1424,Chabo_L_A_4_5,IT,8,0.4565798044204712,layer1.0,8,0.4960806728504141,A,5.0,L,aIT,Chabo,-0.2,0.2,4.0
1425,Chabo_L_A_4_6,IT,9,0.42317721247673035,layer1.0,8,0.4535371473641411,A,6.0,L,aIT,Chabo,-0.2,0.6000000000000001,4.0
1426,Chabo_L_A_5_2,IT,10,0.3812921643257141,layer1.0,8,0.3891794794148347,A,2.0,L,cIT,Chabo,0.2,-1.0,5.0
1427,Chabo_L_A_5_3,IT,11,0.3442783057689667,layer1.0,8,0.37442254737206904,A,3.0,L,cIT,Chabo,0.2,-0.6000000000000001,5.0
1428,Chabo_L_A_5_5,IT,12,0.32809802889823914,layer1.0,8,0.3950823343637071,A,5.0,L,aIT,Chabo,0.2,0.2,5.0
1429,Chabo_L_A_6_0,IT,13,0.29826509952545166,layer1.0,8,0.34249257613351786,A,0.0,L,cIT,Chabo,0.6000000000000001,-1.8,6.0
1430,Chabo_L_A_6_1,IT,14,0.27354103326797485,layer1.0,8,0.37805105028329933,A,1.0,L,cIT,Chabo,0.6000000000000001,-1.4000000000000001,6.0
1431,Chabo_L_A_6_2,IT,15,0.25467604398727417,layer1.0,8,0.38946137687493165,A,2.0,L,cIT,Chabo,0.6000000000000001,-1.0,6.0
1432,Chabo_L_A_6_3,IT,16,0.23339621722698212,layer1.0,8,0.2041855739238767,A,3.0,L,cIT,Chabo,0.6000000000000001,-0.6000000000000001,6.0
1433,Chabo_L_A_6_4,IT,17,0.2312329262495041,layer1.0,8,0.32563672855384007,A,4.0,L,cIT,Chabo,0.6000000000000001,-0.2,6.0
1434,Chabo_L_A_6_5,IT,18,0.21220755577087402,layer1.0,8,0.3506227038353842,A,5.0,L,aIT,Chabo,0.6000000000000001,0.2,6.0
1435,Chabo_L_A_6_6,IT,19,0.20158156752586365,layer1.0,8,0.3212102649392313,A,6.0,L,aIT,Chabo,0.6000000000000001,0.6000000000000001,6.0
1436,Chabo_L_A_7_1,IT,20,0.18825098872184753,layer1.0,8,0.18476642937897034,A,1.0,L,cIT,Chabo,1.0,-1.4000000000000001,7.0
1437,Chabo_L_A_7_2,IT,21,0.1796884983778,layer1.0,8,0.3213981820008675,A,2.0,L,cIT,Chabo,1.0,-1.0,7.0
1438,Chabo_L_A_7_3,IT,22,0.1678178757429123,layer1.0,8,0.2094194428923713,A,3.0,L,cIT,Chabo,1.0,-0.6000000000000001,7.0
1439,Chabo_L_A_7_4,IT,23,0.15748971700668335,layer1.0,8,0.3322760886176988,A,4.0,L,cIT,Chabo,1.0,-0.2,7.0
1440,Chabo_L_A_7_7,IT,24,0.14034046232700348,layer1.0,8,0.2542179389805691,A,7.0,L,aIT,Chabo,1.0,1.0,7.0
1441,Chabo_L_A_8_5,IT,25,0.12072154879570007,layer1.0,8,0.23001692603542193,A,5.0,L,aIT,Chabo,1.4000000000000001,0.2,8.0
1442,Chabo_L_A_9_3,IT,26,0.10360349714756012,layer1.0,8,0.17143572658132739,A,3.0,L,cIT,Chabo,1.8,-0.6000000000000001,9.0
1443,Chabo_L_A_2_4,IT,0,3.6812963485717773,layer1.0,9,0.6693178707573153,A,4.0,L,cIT,Chabo,-1.0,-0.2,2.0
1444,Chabo_L_A_3_3,IT,1,3.4011659622192383,layer1.0,9,0.6751016247928359,A,3.0,L,cIT,Chabo,-0.6000000000000001,-0.6000000000000001,3.0
1445,Chabo_L_A_3_5,IT,2,1.659846305847168,layer1.0,9,0.76266300950391,A,5.0,L,aIT,Chabo,-0.6000000000000001,0.2,3.0
1446,Chabo_L_A_4_0,IT,3,0.886062502861023,layer1.0,9,0.7856006103754433,A,0.0,L,cIT,Chabo,-0.2,-1.8,4.0
1447,Chabo_L_A_4_1,IT,4,0.8594349026679993,layer1.0,9,0.517433446331907,A,1.0,L,cIT,Chabo,-0.2,-1.4000000000000001,4.0
1448,Chabo_L_A_4_2,IT,5,0.7208946347236633,layer1.0,9,0.5891140493523213,A,2.0,L,cIT,Chabo,-0.2,-1.0,4.0
1449,Chabo_L_A_4_3,IT,6,0.6090772747993469,layer1.0,9,0.5031725870792807,A,3.0,L,cIT,Chabo,-0.2,-0.6000000000000001,4.0
1450,Chabo_L_A_4_4,IT,7,0.544077455997467,layer1.0,9,0.5035365860141382,A,4.0,L,cIT,Chabo,-0.2,-0.2,4.0
1451,Chabo_L_A_4_5,IT,8,0.4565798044204712,layer1.0,9,0.44438729387239806,A,5.0,L,aIT,Chabo,-0.2,0.2,4.0
1452,Chabo_L_A_4_6,IT,9,0.42317721247673035,layer1.0,9,0.3721730352614333,A,6.0,L,aIT,Chabo,-0.2,0.6000000000000001,4.0
1453,Chabo_L_A_5_2,IT,10,0.3812921643257141,layer1.0,9,0.40806116967394424,A,2.0,L,cIT,Chabo,0.2,-1.0,5.0
1454,Chabo_L_A_5_3,IT,11,0.3442783057689667,layer1.0,9,0.43006301846000117,A,3.0,L,cIT,Chabo,0.2,-0.6000000000000001,5.0
1455,Chabo_L_A_5_5,IT,12,0.32809802889823914,layer1.0,9,0.5230473789293756,A,5.0,L,aIT,Chabo,0.2,0.2,5.0
1456,Chabo_L_A_6_0,IT,13,0.29826509952545166,layer1.0,9,0.3501928901167164,A,0.0,L,cIT,Chabo,0.6000000000000001,-1.8,6.0
1457,Chabo_L_A_6_1,IT,14,0.27354103326797485,layer1.0,9,0.4450873324654735,A,1.0,L,cIT,Chabo,0.6000000000000001,-1.4000000000000001,6.0
1458,Chabo_L_A_6_2,IT,15,0.25467604398727417,layer1.0,9,0.3230326245182253,A,2.0,L,cIT,Chabo,0.6000000000000001,-1.0,6.0
1459,Chabo_L_A_6_3,IT,16,0.23339621722698212,layer1.0,9,0.20761762363224184,A,3.0,L,cIT,Chabo,0.6000000000000001,-0.6000000000000001,6.0
1460,Chabo_L_A_6_4,IT,17,0.2312329262495041,layer1.0,9,0.30848248742730244,A,4.0,L,cIT,Chabo,0.6000000000000001,-0.2,6.0
1461,Chabo_L_A_6_5,IT,18,0.21220755577087402,layer1.0,9,0.3757643125520856,A,5.0,L,aIT,Chabo,0.6000000000000001,0.2,6.0
1462,Chabo_L_A_6_6,IT,19,0.20158156752586365,layer1.0,9,0.3736591747934291,A,6.0,L,aIT,Chabo,0.6000000000000001,0.6000000000000001,6.0
1463,Chabo_L_A_7_1,IT,20,0.18825098872184753,layer1.0,9,0.2526642566590109,A,1.0,L,cIT,Chabo,1.0,-1.4000000000000001,7.0
1464,Chabo_L_A_7_2,IT,21,0.1796884983778,layer1.0,9,0.3233478182139977,A,2.0,L,cIT,Chabo,1.0,-1.0,7.0
1465,Chabo_L_A_7_3,IT,22,0.1678178757429123,layer1.0,9,0.21121988837812272,A,3.0,L,cIT,Chabo,1.0,-0.6000000000000001,7.0
1466,Chabo_L_A_7_4,IT,23,0.15748971700668335,layer1.0,9,0.34728339678081754,A,4.0,L,cIT,Chabo,1.0,-0.2,7.0
1467,Chabo_L_A_7_7,IT,24,0.14034046232700348,layer1.0,9,0.25537495182689046,A,7.0,L,aIT,Chabo,1.0,1.0,7.0
1468,Chabo_L_A_8_5,IT,25,0.12072154879570007,layer1.0,9,0.2288164369767472,A,5.0,L,aIT,Chabo,1.4000000000000001,0.2,8.0
1469,Chabo_L_A_9_3,IT,26,0.10360349714756012,layer1.0,9,0.11420567059528798,A,3.0,L,cIT,Chabo,1.8,-0.6000000000000001,9.0
1470,Chabo_L_A_2_4,IT,0,3.6812963485717773,layer2.0,0,0.7479964675693968,A,4.0,L,cIT,Chabo,-1.0,-0.2,2.0
1471,Chabo_L_A_3_3,IT,1,3.4011659622192383,layer2.0,0,0.7863760458672666,A,3.0,L,cIT,Chabo,-0.6000000000000001,-0.6000000000000001,3.0
1472,Chabo_L_A_3_5,IT,2,1.659846305847168,layer2.0,0,0.8001412947619306,A,5.0,L,aIT,Chabo,-0.6000000000000001,0.2,3.0
1473,Chabo_L_A_4_0,IT,3,0.886062502861023,layer2.0,0,0.7614046792352449,A,0.0,L,cIT,Chabo,-0.2,-1.8,4.0
1474,Chabo_L_A_4_1,IT,4,0.8594349026679993,layer2.0,0,0.5883151801506958,A,1.0,L,cIT,Chabo,-0.2,-1.4000000000000001,4.0
1475,Chabo_L_A_4_2,IT,5,0.7208946347236633,layer2.0,0,0.6199950703637196,A,2.0,L,cIT,Chabo,-0.2,-1.0,4.0
1476,Chabo_L_A_4_3,IT,6,0.6090772747993469,layer2.0,0,0.5297572278910474,A,3.0,L,cIT,Chabo,-0.2,-0.6000000000000001,4.0
1477,Chabo_L_A_4_4,IT,7,0.544077455997467,layer2.0,0,0.5478372580009959,A,4.0,L,cIT,Chabo,-0.2,-0.2,4.0
1478,Chabo_L_A_4_5,IT,8,0.4565798044204712,layer2.0,0,0.5212319955636064,A,5.0,L,aIT,Chabo,-0.2,0.2,4.0
1479,Chabo_L_A_4_6,IT,9,0.42317721247673035,layer2.0,0,0.4409476038787073,A,6.0,L,aIT,Chabo,-0.2,0.6000000000000001,4.0
1480,Chabo_L_A_5_2,IT,10,0.3812921643257141,layer2.0,0,0.45063710156786013,A,2.0,L,cIT,Chabo,0.2,-1.0,5.0
1481,Chabo_L_A_5_3,IT,11,0.3442783057689667,layer2.0,0,0.40284311566589864,A,3.0,L,cIT,Chabo,0.2,-0.6000000000000001,5.0
1482,Chabo_L_A_5_5,IT,12,0.32809802889823914,layer2.0,0,0.49775739732367386,A,5.0,L,aIT,Chabo,0.2,0.2,5.0
1483,Chabo_L_A_6_0,IT,13,0.29826509952545166,layer2.0,0,0.40279917594215536,A,0.0,L,cIT,Chabo,0.6000000000000001,-1.8,6.0
1484,Chabo_L_A_6_1,IT,14,0.27354103326797485,layer2.0,0,0.36555058096794507,A,1.0,L,cIT,Chabo,0.6000000000000001,-1.4000000000000001,6.0
1485,Chabo_L_A_6_2,IT,15,0.25467604398727417,layer2.0,0,0.3235301165040608,A,2.0,L,cIT,Chabo,0.6000000000000001,-1.0,6.0
1486,Chabo_L_A_6_3,IT,16,0.23339621722698212,layer2.0,0,0.3168783463607332,A,3.0,L,cIT,Chabo,0.6000000000000001,-0.6000000000000001,6.0
1487,Chabo_L_A_6_4,IT,17,0.2312329262495041,layer2.0,0,0.36632611135702897,A,4.0,L,cIT,Chabo,0.6000000000000001,-0.2,6.0
1488,Chabo_L_A_6_5,IT,18,0.21220755577087402,layer2.0,0,0.3506497124639093,A,5.0,L,aIT,Chabo,0.6000000000000001,0.2,6.0
1489,Chabo_L_A_6_6,IT,19,0.20158156752586365,layer2.0,0,0.33392736606803275,A,6.0,L,aIT,Chabo,0.6000000000000001,0.6000000000000001,6.0
1490,Chabo_L_A_7_1,IT,20,0.18825098872184753,layer2.0,0,0.2979627524709929,A,1.0,L,cIT,Chabo,1.0,-1.4000000000000001,7.0
1491,Chabo_L_A_7_2,IT,21,0.1796884983778,layer2.0,0,0.42141126117914723,A,2.0,L,cIT,Chabo,1.0,-1.0,7.0
1492,Chabo_L_A_7_3,IT,22,0.1678178757429123,layer2.0,0,0.11423606432465253,A,3.0,L,cIT,Chabo,1.0,-0.6000000000000001,7.0
1493,Chabo_L_A_7_4,IT,23,0.15748971700668335,layer2.0,0,0.2954695234385846,A,4.0,L,cIT,Chabo,1.0,-0.2,7.0
1494,Chabo_L_A_7_7,IT,24,0.14034046232700348,layer2.0,0,0.24743358630241774,A,7.0,L,aIT,Chabo,1.0,1.0,7.0
1495,Chabo_L_A_8_5,IT,25,0.12072154879570007,layer2.0,0,0.18789623393333263,A,5.0,L,aIT,Chabo,1.4000000000000001,0.2,8.0
1496,Chabo_L_A_9_3,IT,26,0.10360349714756012,layer2.0,0,0.17316806487413158,A,3.0,L,cIT,Chabo,1.8,-0.6000000000000001,9.0
1497,Chabo_L_A_2_4,IT,0,3.6812963485717773,layer2.0,1,0.7522396705952066,A,4.0,L,cIT,Chabo,-1.0,-0.2,2.0
1498,Chabo_L_A_3_3,IT,1,3.4011659622192383,layer2.0,1,0.7341291564698434,A,3.0,L,cIT,Chabo,-0.6000000000000001,-0.6000000000000001,3.0
1499,Chabo_L_A_3_5,IT,2,1.659846305847168,layer2.0,1,0.7381284019685357,A,5.0,L,aIT,Chabo,-0.6000000000000001,0.2,3.0
1500,Chabo_L_A_4_0,IT,3,0.886062502861023,layer2.0,1,0.7275262321100917,A,0.0,L,cIT,Chabo,-0.2,-1.8,4.0
1501,Chabo_L_A_4_1,IT,4,0.8594349026679993,layer2.0,1,0.6388674604471578,A,1.0,L,cIT,Chabo,-0.2,-1.4000000000000001,4.0
1502,Chabo_L_A_4_2,IT,5,0.7208946347236633,layer2.0,1,0.5373602254013501,A,2.0,L,cIT,Chabo,-0.2,-1.0,4.0
1503,Chabo_L_A_4_3,IT,6,0.6090772747993469,layer2.0,1,0.5259564681179433,A,3.0,L,cIT,Chabo,-0.2,-0.6000000000000001,4.0
1504,Chabo_L_A_4_4,IT,7,0.544077455997467,layer2.0,1,0.46662952299767235,A,4.0,L,cIT,Chabo,-0.2,-0.2,4.0
1505,Chabo_L_A_4_5,IT,8,0.4565798044204712,layer2.0,1,0.4969063896234738,A,5.0,L,aIT,Chabo,-0.2,0.2,4.0
1506,Chabo_L_A_4_6,IT,9,0.42317721247673035,layer2.0,1,0.4193698738051282,A,6.0,L,aIT,Chabo,-0.2,0.6000000000000001,4.0
1507,Chabo_L_A_5_2,IT,10,0.3812921643257141,layer2.0,1,0.47149248856801773,A,2.0,L,cIT,Chabo,0.2,-1.0,5.0
1508,Chabo_L_A_5_3,IT,11,0.3442783057689667,layer2.0,1,0.43928412143428486,A,3.0,L,cIT,Chabo,0.2,-0.6000000000000001,5.0
1509,Chabo_L_A_5_5,IT,12,0.32809802889823914,layer2.0,1,0.4947083759083598,A,5.0,L,aIT,Chabo,0.2,0.2,5.0
1510,Chabo_L_A_6_0,IT,13,0.29826509952545166,layer2.0,1,0.35578814575563666,A,0.0,L,cIT,Chabo,0.6000000000000001,-1.8,6.0
1511,Chabo_L_A_6_1,IT,14,0.27354103326797485,layer2.0,1,0.46150678937425715,A,1.0,L,cIT,Chabo,0.6000000000000001,-1.4000000000000001,6.0
1512,Chabo_L_A_6_2,IT,15,0.25467604398727417,layer2.0,1,0.36639902818397985,A,2.0,L,cIT,Chabo,0.6000000000000001,-1.0,6.0
1513,Chabo_L_A_6_3,IT,16,0.23339621722698212,layer2.0,1,0.321866873153027,A,3.0,L,cIT,Chabo,0.6000000000000001,-0.6000000000000001,6.0
1514,Chabo_L_A_6_4,IT,17,0.2312329262495041,layer2.0,1,0.3431019808567623,A,4.0,L,cIT,Chabo,0.6000000000000001,-0.2,6.0
1515,Chabo_L_A_6_5,IT,18,0.21220755577087402,layer2.0,1,0.3202716615006063,A,5.0,L,aIT,Chabo,0.6000000000000001,0.2,6.0
1516,Chabo_L_A_6_6,IT,19,0.20158156752586365,layer2.0,1,0.3349114483024441,A,6.0,L,aIT,Chabo,0.6000000000000001,0.6000000000000001,6.0
1517,Chabo_L_A_7_1,IT,20,0.18825098872184753,layer2.0,1,0.32040466674724566,A,1.0,L,cIT,Chabo,1.0,-1.4000000000000001,7.0
1518,Chabo_L_A_7_2,IT,21,0.1796884983778,layer2.0,1,0.30563713113473334,A,2.0,L,cIT,Chabo,1.0,-1.0,7.0
1519,Chabo_L_A_7_3,IT,22,0.1678178757429123,layer2.0,1,0.1671525459005817,A,3.0,L,cIT,Chabo,1.0,-0.6000000000000001,7.0
1520,Chabo_L_A_7_4,IT,23,0.15748971700668335,layer2.0,1,0.2810165755802684,A,4.0,L,cIT,Chabo,1.0,-0.2,7.0
1521,Chabo_L_A_7_7,IT,24,0.14034046232700348,layer2.0,1,0.24825124116454805,A,7.0,L,aIT,Chabo,1.0,1.0,7.0
1522,Chabo_L_A_8_5,IT,25,0.12072154879570007,layer2.0,1,0.17032988513734265,A,5.0,L,aIT,Chabo,1.4000000000000001,0.2,8.0
1523,Chabo_L_A_9_3,IT,26,0.10360349714756012,layer2.0,1,0.08809843934631606,A,3.0,L,cIT,Chabo,1.8,-0.6000000000000001,9.0
1524,Chabo_L_A_2_4,IT,0,3.6812963485717773,layer2.0,2,0.7469025216216519,A,4.0,L,cIT,Chabo,-1.0,-0.2,2.0
1525,Chabo_L_A_3_3,IT,1,3.4011659622192383,layer2.0,2,0.7279131307206889,A,3.0,L,cIT,Chabo,-0.6000000000000001,-0.6000000000000001,3.0
1526,Chabo_L_A_3_5,IT,2,1.659846305847168,layer2.0,2,0.7566838813078952,A,5.0,L,aIT,Chabo,-0.6000000000000001,0.2,3.0
1527,Chabo_L_A_4_0,IT,3,0.886062502861023,layer2.0,2,0.7301467858292066,A,0.0,L,cIT,Chabo,-0.2,-1.8,4.0
1528,Chabo_L_A_4_1,IT,4,0.8594349026679993,layer2.0,2,0.6102368837233287,A,1.0,L,cIT,Chabo,-0.2,-1.4000000000000001,4.0
1529,Chabo_L_A_4_2,IT,5,0.7208946347236633,layer2.0,2,0.5811834053119093,A,2.0,L,cIT,Chabo,-0.2,-1.0,4.0
1530,Chabo_L_A_4_3,IT,6,0.6090772747993469,layer2.0,2,0.5587630093752349,A,3.0,L,cIT,Chabo,-0.2,-0.6000000000000001,4.0
1531,Chabo_L_A_4_4,IT,7,0.544077455997467,layer2.0,2,0.5362460267122057,A,4.0,L,cIT,Chabo,-0.2,-0.2,4.0
1532,Chabo_L_A_4_5,IT,8,0.4565798044204712,layer2.0,2,0.5170277818338451,A,5.0,L,aIT,Chabo,-0.2,0.2,4.0
1533,Chabo_L_A_4_6,IT,9,0.42317721247673035,layer2.0,2,0.4618931897291108,A,6.0,L,aIT,Chabo,-0.2,0.6000000000000001,4.0
1534,Chabo_L_A_5_2,IT,10,0.3812921643257141,layer2.0,2,0.42870012931062956,A,2.0,L,cIT,Chabo,0.2,-1.0,5.0
1535,Chabo_L_A_5_3,IT,11,0.3442783057689667,layer2.0,2,0.4599509613662388,A,3.0,L,cIT,Chabo,0.2,-0.6000000000000001,5.0
1536,Chabo_L_A_5_5,IT,12,0.32809802889823914,layer2.0,2,0.5120310395627808,A,5.0,L,aIT,Chabo,0.2,0.2,5.0
1537,Chabo_L_A_6_0,IT,13,0.29826509952545166,layer2.0,2,0.3276731650863114,A,0.0,L,cIT,Chabo,0.6000000000000001,-1.8,6.0
1538,Chabo_L_A_6_1,IT,14,0.27354103326797485,layer2.0,2,0.42905464676406174,A,1.0,L,cIT,Chabo,0.6000000000000001,-1.4000000000000001,6.0
1539,Chabo_L_A_6_2,IT,15,0.25467604398727417,layer2.0,2,0.4184858092810074,A,2.0,L,cIT,Chabo,0.6000000000000001,-1.0,6.0
1540,Chabo_L_A_6_3,IT,16,0.23339621722698212,layer2.0,2,0.2985157940044958,A,3.0,L,cIT,Chabo,0.6000000000000001,-0.6000000000000001,6.0
1541,Chabo_L_A_6_4,IT,17,0.2312329262495041,layer2.0,2,0.3207507736234936,A,4.0,L,cIT,Chabo,0.6000000000000001,-0.2,6.0
1542,Chabo_L_A_6_5,IT,18,0.21220755577087402,layer2.0,2,0.3101293023681402,A,5.0,L,aIT,Chabo,0.6000000000000001,0.2,6.0
1543,Chabo_L_A_6_6,IT,19,0.20158156752586365,layer2.0,2,0.26304998997831563,A,6.0,L,aIT,Chabo,0.6000000000000001,0.6000000000000001,6.0
1544,Chabo_L_A_7_1,IT,20,0.18825098872184753,layer2.0,2,0.26898811675476936,A,1.0,L,cIT,Chabo,1.0,-1.4000000000000001,7.0
1545,Chabo_L_A_7_2,IT,21,0.1796884983778,layer2.0,2,0.4344422557671113,A,2.0,L,cIT,Chabo,1.0,-1.0,7.0
1546,Chabo_L_A_7_3,IT,22,0.1678178757429123,layer2.0,2,0.16699335051120962,A,3.0,L,cIT,Chabo,1.0,-0.6000000000000001,7.0
1547,Chabo_L_A_7_4,IT,23,0.15748971700668335,layer2.0,2,0.4346586691652669,A,4.0,L,cIT,Chabo,1.0,-0.2,7.0
1548,Chabo_L_A_7_7,IT,24,0.14034046232700348,layer2.0,2,0.35656552610691794,A,7.0,L,aIT,Chabo,1.0,1.0,7.0
1549,Chabo_L_A_8_5,IT,25,0.12072154879570007,layer2.0,2,0.19929796067237948,A,5.0,L,aIT,Chabo,1.4000000000000001,0.2,8.0
1550,Chabo_L_A_9_3,IT,26,0.10360349714756012,layer2.0,2,0.1277589728682988,A,3.0,L,cIT,Chabo,1.8,-0.6000000000000001,9.0
1551,Chabo_L_A_2_4,IT,0,3.6812963485717773,layer2.0,3,0.7684197926488534,A,4.0,L,cIT,Chabo,-1.0,-0.2,2.0
1552,Chabo_L_A_3_3,IT,1,3.4011659622192383,layer2.0,3,0.7481755364341405,A,3.0,L,cIT,Chabo,-0.6000000000000001,-0.6000000000000001,3.0
1553,Chabo_L_A_3_5,IT,2,1.659846305847168,layer2.0,3,0.7500573409933643,A,5.0,L,aIT,Chabo,-0.6000000000000001,0.2,3.0
1554,Chabo_L_A_4_0,IT,3,0.886062502861023,layer2.0,3,0.7364840713331913,A,0.0,L,cIT,Chabo,-0.2,-1.8,4.0
1555,Chabo_L_A_4_1,IT,4,0.8594349026679993,layer2.0,3,0.6268735035713148,A,1.0,L,cIT,Chabo,-0.2,-1.4000000000000001,4.0
1556,Chabo_L_A_4_2,IT,5,0.7208946347236633,layer2.0,3,0.5807311024851063,A,2.0,L,cIT,Chabo,-0.2,-1.0,4.0
1557,Chabo_L_A_4_3,IT,6,0.6090772747993469,layer2.0,3,0.4418263698047019,A,3.0,L,cIT,Chabo,-0.2,-0.6000000000000001,4.0
1558,Chabo_L_A_4_4,IT,7,0.544077455997467,layer2.0,3,0.5032098929659343,A,4.0,L,cIT,Chabo,-0.2,-0.2,4.0
1559,Chabo_L_A_4_5,IT,8,0.4565798044204712,layer2.0,3,0.5106447483901584,A,5.0,L,aIT,Chabo,-0.2,0.2,4.0
1560,Chabo_L_A_4_6,IT,9,0.42317721247673035,layer2.0,3,0.49007217543332193,A,6.0,L,aIT,Chabo,-0.2,0.6000000000000001,4.0
1561,Chabo_L_A_5_2,IT,10,0.3812921643257141,layer2.0,3,0.32140756356500594,A,2.0,L,cIT,Chabo,0.2,-1.0,5.0
1562,Chabo_L_A_5_3,IT,11,0.3442783057689667,layer2.0,3,0.412438179244889,A,3.0,L,cIT,Chabo,0.2,-0.6000000000000001,5.0
1563,Chabo_L_A_5_5,IT,12,0.32809802889823914,layer2.0,3,0.5149109660257916,A,5.0,L,aIT,Chabo,0.2,0.2,5.0
1564,Chabo_L_A_6_0,IT,13,0.29826509952545166,layer2.0,3,0.32926460121926315,A,0.0,L,cIT,Chabo,0.6000000000000001,-1.8,6.0
1565,Chabo_L_A_6_1,IT,14,0.27354103326797485,layer2.0,3,0.45751704979295765,A,1.0,L,cIT,Chabo,0.6000000000000001,-1.4000000000000001,6.0
1566,Chabo_L_A_6_2,IT,15,0.25467604398727417,layer2.0,3,0.40758568072712836,A,2.0,L,cIT,Chabo,0.6000000000000001,-1.0,6.0
1567,Chabo_L_A_6_3,IT,16,0.23339621722698212,layer2.0,3,0.32895887886627906,A,3.0,L,cIT,Chabo,0.6000000000000001,-0.6000000000000001,6.0
1568,Chabo_L_A_6_4,IT,17,0.2312329262495041,layer2.0,3,0.42656720586084923,A,4.0,L,cIT,Chabo,0.6000000000000001,-0.2,6.0
1569,Chabo_L_A_6_5,IT,18,0.21220755577087402,layer2.0,3,0.3967304602985871,A,5.0,L,aIT,Chabo,0.6000000000000001,0.2,6.0
1570,Chabo_L_A_6_6,IT,19,0.20158156752586365,layer2.0,3,0.2482914500762395,A,6.0,L,aIT,Chabo,0.6000000000000001,0.6000000000000001,6.0
1571,Chabo_L_A_7_1,IT,20,0.18825098872184753,layer2.0,3,0.2960494093575481,A,1.0,L,cIT,Chabo,1.0,-1.4000000000000001,7.0
1572,Chabo_L_A_7_2,IT,21,0.1796884983778,layer2.0,3,0.36671865021618116,A,2.0,L,cIT,Chabo,1.0,-1.0,7.0
1573,Chabo_L_A_7_3,IT,22,0.1678178757429123,layer2.0,3,0.2452485939986708,A,3.0,L,cIT,Chabo,1.0,-0.6000000000000001,7.0
1574,Chabo_L_A_7_4,IT,23,0.15748971700668335,layer2.0,3,0.3404562452178939,A,4.0,L,cIT,Chabo,1.0,-0.2,7.0
1575,Chabo_L_A_7_7,IT,24,0.14034046232700348,layer2.0,3,0.36624508231455943,A,7.0,L,aIT,Chabo,1.0,1.0,7.0
1576,Chabo_L_A_8_5,IT,25,0.12072154879570007,layer2.0,3,0.1287574509014271,A,5.0,L,aIT,Chabo,1.4000000000000001,0.2,8.0
1577,Chabo_L_A_9_3,IT,26,0.10360349714756012,layer2.0,3,0.12395696661221674,A,3.0,L,cIT,Chabo,1.8,-0.6000000000000001,9.0
1578,Chabo_L_A_2_4,IT,0,3.6812963485717773,layer2.0,4,0.7395386400374984,A,4.0,L,cIT,Chabo,-1.0,-0.2,2.0
1579,Chabo_L_A_3_3,IT,1,3.4011659622192383,layer2.0,4,0.7588963996318753,A,3.0,L,cIT,Chabo,-0.6000000000000001,-0.6000000000000001,3.0
1580,Chabo_L_A_3_5,IT,2,1.659846305847168,layer2.0,4,0.7880536120801935,A,5.0,L,aIT,Chabo,-0.6000000000000001,0.2,3.0
1581,Chabo_L_A_4_0,IT,3,0.886062502861023,layer2.0,4,0.760393683443569,A,0.0,L,cIT,Chabo,-0.2,-1.8,4.0
1582,Chabo_L_A_4_1,IT,4,0.8594349026679993,layer2.0,4,0.6005302721564798,A,1.0,L,cIT,Chabo,-0.2,-1.4000000000000001,4.0
1583,Chabo_L_A_4_2,IT,5,0.7208946347236633,layer2.0,4,0.5834226753955197,A,2.0,L,cIT,Chabo,-0.2,-1.0,4.0
1584,Chabo_L_A_4_3,IT,6,0.6090772747993469,layer2.0,4,0.4856376016588396,A,3.0,L,cIT,Chabo,-0.2,-0.6000000000000001,4.0
1585,Chabo_L_A_4_4,IT,7,0.544077455997467,layer2.0,4,0.5375385252479435,A,4.0,L,cIT,Chabo,-0.2,-0.2,4.0
1586,Chabo_L_A_4_5,IT,8,0.4565798044204712,layer2.0,4,0.5935180488746097,A,5.0,L,aIT,Chabo,-0.2,0.2,4.0
1587,Chabo_L_A_4_6,IT,9,0.42317721247673035,layer2.0,4,0.4633362775324359,A,6.0,L,aIT,Chabo,-0.2,0.6000000000000001,4.0
1588,Chabo_L_A_5_2,IT,10,0.3812921643257141,layer2.0,4,0.37521121237570315,A,2.0,L,cIT,Chabo,0.2,-1.0,5.0
1589,Chabo_L_A_5_3,IT,11,0.3442783057689667,layer2.0,4,0.4149390409836266,A,3.0,L,cIT,Chabo,0.2,-0.6000000000000001,5.0
1590,Chabo_L_A_5_5,IT,12,0.32809802889823914,layer2.0,4,0.4555692758219058,A,5.0,L,aIT,Chabo,0.2,0.2,5.0
1591,Chabo_L_A_6_0,IT,13,0.29826509952545166,layer2.0,4,0.40787767513606155,A,0.0,L,cIT,Chabo,0.6000000000000001,-1.8,6.0
1592,Chabo_L_A_6_1,IT,14,0.27354103326797485,layer2.0,4,0.4286962941165513,A,1.0,L,cIT,Chabo,0.6000000000000001,-1.4000000000000001,6.0
1593,Chabo_L_A_6_2,IT,15,0.25467604398727417,layer2.0,4,0.2973417597281649,A,2.0,L,cIT,Chabo,0.6000000000000001,-1.0,6.0
1594,Chabo_L_A_6_3,IT,16,0.23339621722698212,layer2.0,4,0.28290880428593435,A,3.0,L,cIT,Chabo,0.6000000000000001,-0.6000000000000001,6.0
1595,Chabo_L_A_6_4,IT,17,0.2312329262495041,layer2.0,4,0.3593255147018684,A,4.0,L,cIT,Chabo,0.6000000000000001,-0.2,6.0
1596,Chabo_L_A_6_5,IT,18,0.21220755577087402,layer2.0,4,0.3651315863572704,A,5.0,L,aIT,Chabo,0.6000000000000001,0.2,6.0
1597,Chabo_L_A_6_6,IT,19,0.20158156752586365,layer2.0,4,0.3104492173591423,A,6.0,L,aIT,Chabo,0.6000000000000001,0.6000000000000001,6.0
1598,Chabo_L_A_7_1,IT,20,0.18825098872184753,layer2.0,4,0.23597992059140202,A,1.0,L,cIT,Chabo,1.0,-1.4000000000000001,7.0
1599,Chabo_L_A_7_2,IT,21,0.1796884983778,layer2.0,4,0.4065905135432094,A,2.0,L,cIT,Chabo,1.0,-1.0,7.0
1600,Chabo_L_A_7_3,IT,22,0.1678178757429123,layer2.0,4,0.1849857934845663,A,3.0,L,cIT,Chabo,1.0,-0.6000000000000001,7.0
1601,Chabo_L_A_7_4,IT,23,0.15748971700668335,layer2.0,4,0.33855561167028,A,4.0,L,cIT,Chabo,1.0,-0.2,7.0
1602,Chabo_L_A_7_7,IT,24,0.14034046232700348,layer2.0,4,0.24761201210702316,A,7.0,L,aIT,Chabo,1.0,1.0,7.0
1603,Chabo_L_A_8_5,IT,25,0.12072154879570007,layer2.0,4,0.22023594364824428,A,5.0,L,aIT,Chabo,1.4000000000000001,0.2,8.0
1604,Chabo_L_A_9_3,IT,26,0.10360349714756012,layer2.0,4,0.08377722965861602,A,3.0,L,cIT,Chabo,1.8,-0.6000000000000001,9.0
1605,Chabo_L_A_2_4,IT,0,3.6812963485717773,layer2.0,5,0.764374526228977,A,4.0,L,cIT,Chabo,-1.0,-0.2,2.0
1606,Chabo_L_A_3_3,IT,1,3.4011659622192383,layer2.0,5,0.7803768823554358,A,3.0,L,cIT,Chabo,-0.6000000000000001,-0.6000000000000001,3.0
1607,Chabo_L_A_3_5,IT,2,1.659846305847168,layer2.0,5,0.7878927109846373,A,5.0,L,aIT,Chabo,-0.6000000000000001,0.2,3.0
1608,Chabo_L_A_4_0,IT,3,0.886062502861023,layer2.0,5,0.7473955007239382,A,0.0,L,cIT,Chabo,-0.2,-1.8,4.0
1609,Chabo_L_A_4_1,IT,4,0.8594349026679993,layer2.0,5,0.5741798768099717,A,1.0,L,cIT,Chabo,-0.2,-1.4000000000000001,4.0
1610,Chabo_L_A_4_2,IT,5,0.7208946347236633,layer2.0,5,0.5945450588325959,A,2.0,L,cIT,Chabo,-0.2,-1.0,4.0
1611,Chabo_L_A_4_3,IT,6,0.6090772747993469,layer2.0,5,0.5685867333819568,A,3.0,L,cIT,Chabo,-0.2,-0.6000000000000001,4.0
1612,Chabo_L_A_4_4,IT,7,0.544077455997467,layer2.0,5,0.5366807436473138,A,4.0,L,cIT,Chabo,-0.2,-0.2,4.0
1613,Chabo_L_A_4_5,IT,8,0.4565798044204712,layer2.0,5,0.4586688735656722,A,5.0,L,aIT,Chabo,-0.2,0.2,4.0
1614,Chabo_L_A_4_6,IT,9,0.42317721247673035,layer2.0,5,0.451782190628284,A,6.0,L,aIT,Chabo,-0.2,0.6000000000000001,4.0
1615,Chabo_L_A_5_2,IT,10,0.3812921643257141,layer2.0,5,0.39307499400510015,A,2.0,L,cIT,Chabo,0.2,-1.0,5.0
1616,Chabo_L_A_5_3,IT,11,0.3442783057689667,layer2.0,5,0.42932406727267386,A,3.0,L,cIT,Chabo,0.2,-0.6000000000000001,5.0
1617,Chabo_L_A_5_5,IT,12,0.32809802889823914,layer2.0,5,0.4612300313777231,A,5.0,L,aIT,Chabo,0.2,0.2,5.0
1618,Chabo_L_A_6_0,IT,13,0.29826509952545166,layer2.0,5,0.402118125182304,A,0.0,L,cIT,Chabo,0.6000000000000001,-1.8,6.0
1619,Chabo_L_A_6_1,IT,14,0.27354103326797485,layer2.0,5,0.4126864755971957,A,1.0,L,cIT,Chabo,0.6000000000000001,-1.4000000000000001,6.0
1620,Chabo_L_A_6_2,IT,15,0.25467604398727417,layer2.0,5,0.27866026039416236,A,2.0,L,cIT,Chabo,0.6000000000000001,-1.0,6.0
1621,Chabo_L_A_6_3,IT,16,0.23339621722698212,layer2.0,5,0.2499493496338154,A,3.0,L,cIT,Chabo,0.6000000000000001,-0.6000000000000001,6.0
1622,Chabo_L_A_6_4,IT,17,0.2312329262495041,layer2.0,5,0.4284680477983072,A,4.0,L,cIT,Chabo,0.6000000000000001,-0.2,6.0
1623,Chabo_L_A_6_5,IT,18,0.21220755577087402,layer2.0,5,0.43893860566255005,A,5.0,L,aIT,Chabo,0.6000000000000001,0.2,6.0
1624,Chabo_L_A_6_6,IT,19,0.20158156752586365,layer2.0,5,0.25250429273541847,A,6.0,L,aIT,Chabo,0.6000000000000001,0.6000000000000001,6.0
1625,Chabo_L_A_7_1,IT,20,0.18825098872184753,layer2.0,5,0.28351644029472906,A,1.0,L,cIT,Chabo,1.0,-1.4000000000000001,7.0
1626,Chabo_L_A_7_2,IT,21,0.1796884983778,layer2.0,5,0.3524738061129707,A,2.0,L,cIT,Chabo,1.0,-1.0,7.0
1627,Chabo_L_A_7_3,IT,22,0.1678178757429123,layer2.0,5,0.22687628060172355,A,3.0,L,cIT,Chabo,1.0,-0.6000000000000001,7.0
1628,Chabo_L_A_7_4,IT,23,0.15748971700668335,layer2.0,5,0.26285965139016415,A,4.0,L,cIT,Chabo,1.0,-0.2,7.0
1629,Chabo_L_A_7_7,IT,24,0.14034046232700348,layer2.0,5,0.2610976559028387,A,7.0,L,aIT,Chabo,1.0,1.0,7.0
1630,Chabo_L_A_8_5,IT,25,0.12072154879570007,layer2.0,5,0.17648928642163872,A,5.0,L,aIT,Chabo,1.4000000000000001,0.2,8.0
1631,Chabo_L_A_9_3,IT,26,0.10360349714756012,layer2.0,5,0.11606180956127636,A,3.0,L,cIT,Chabo,1.8,-0.6000000000000001,9.0
1632,Chabo_L_A_2_4,IT,0,3.6812963485717773,layer2.0,6,0.759004993060433,A,4.0,L,cIT,Chabo,-1.0,-0.2,2.0
1633,Chabo_L_A_3_3,IT,1,3.4011659622192383,layer2.0,6,0.7118360575706341,A,3.0,L,cIT,Chabo,-0.6000000000000001,-0.6000000000000001,3.0
1634,Chabo_L_A_3_5,IT,2,1.659846305847168,layer2.0,6,0.7622149380344632,A,5.0,L,aIT,Chabo,-0.6000000000000001,0.2,3.0
1635,Chabo_L_A_4_0,IT,3,0.886062502861023,layer2.0,6,0.7652489366029795,A,0.0,L,cIT,Chabo,-0.2,-1.8,4.0
1636,Chabo_L_A_4_1,IT,4,0.8594349026679993,layer2.0,6,0.6047761701318686,A,1.0,L,cIT,Chabo,-0.2,-1.4000000000000001,4.0
1637,Chabo_L_A_4_2,IT,5,0.7208946347236633,layer2.0,6,0.5348901506733955,A,2.0,L,cIT,Chabo,-0.2,-1.0,4.0
1638,Chabo_L_A_4_3,IT,6,0.6090772747993469,layer2.0,6,0.5932279943564676,A,3.0,L,cIT,Chabo,-0.2,-0.6000000000000001,4.0
1639,Chabo_L_A_4_4,IT,7,0.544077455997467,layer2.0,6,0.5404779895455336,A,4.0,L,cIT,Chabo,-0.2,-0.2,4.0
1640,Chabo_L_A_4_5,IT,8,0.4565798044204712,layer2.0,6,0.46837810465122925,A,5.0,L,aIT,Chabo,-0.2,0.2,4.0
1641,Chabo_L_A_4_6,IT,9,0.42317721247673035,layer2.0,6,0.44670630671161404,A,6.0,L,aIT,Chabo,-0.2,0.6000000000000001,4.0
1642,Chabo_L_A_5_2,IT,10,0.3812921643257141,layer2.0,6,0.4577903661912961,A,2.0,L,cIT,Chabo,0.2,-1.0,5.0
1643,Chabo_L_A_5_3,IT,11,0.3442783057689667,layer2.0,6,0.41558285041951293,A,3.0,L,cIT,Chabo,0.2,-0.6000000000000001,5.0
1644,Chabo_L_A_5_5,IT,12,0.32809802889823914,layer2.0,6,0.49775166378343855,A,5.0,L,aIT,Chabo,0.2,0.2,5.0
1645,Chabo_L_A_6_0,IT,13,0.29826509952545166,layer2.0,6,0.34586997639373857,A,0.0,L,cIT,Chabo,0.6000000000000001,-1.8,6.0
1646,Chabo_L_A_6_1,IT,14,0.27354103326797485,layer2.0,6,0.5108377896992355,A,1.0,L,cIT,Chabo,0.6000000000000001,-1.4000000000000001,6.0
1647,Chabo_L_A_6_2,IT,15,0.25467604398727417,layer2.0,6,0.2922974528066241,A,2.0,L,cIT,Chabo,0.6000000000000001,-1.0,6.0
1648,Chabo_L_A_6_3,IT,16,0.23339621722698212,layer2.0,6,0.28232672751567345,A,3.0,L,cIT,Chabo,0.6000000000000001,-0.6000000000000001,6.0
1649,Chabo_L_A_6_4,IT,17,0.2312329262495041,layer2.0,6,0.4164379063093784,A,4.0,L,cIT,Chabo,0.6000000000000001,-0.2,6.0
1650,Chabo_L_A_6_5,IT,18,0.21220755577087402,layer2.0,6,0.3569046210432115,A,5.0,L,aIT,Chabo,0.6000000000000001,0.2,6.0
1651,Chabo_L_A_6_6,IT,19,0.20158156752586365,layer2.0,6,0.2668129026303737,A,6.0,L,aIT,Chabo,0.6000000000000001,0.6000000000000001,6.0
1652,Chabo_L_A_7_1,IT,20,0.18825098872184753,layer2.0,6,0.24697632764886462,A,1.0,L,cIT,Chabo,1.0,-1.4000000000000001,7.0
1653,Chabo_L_A_7_2,IT,21,0.1796884983778,layer2.0,6,0.323767729441278,A,2.0,L,cIT,Chabo,1.0,-1.0,7.0
1654,Chabo_L_A_7_3,IT,22,0.1678178757429123,layer2.0,6,0.1877432184057604,A,3.0,L,cIT,Chabo,1.0,-0.6000000000000001,7.0
1655,Chabo_L_A_7_4,IT,23,0.15748971700668335,layer2.0,6,0.3472857852894685,A,4.0,L,cIT,Chabo,1.0,-0.2,7.0
1656,Chabo_L_A_7_7,IT,24,0.14034046232700348,layer2.0,6,0.19933531234755075,A,7.0,L,aIT,Chabo,1.0,1.0,7.0
1657,Chabo_L_A_8_5,IT,25,0.12072154879570007,layer2.0,6,0.20544374545993416,A,5.0,L,aIT,Chabo,1.4000000000000001,0.2,8.0
1658,Chabo_L_A_9_3,IT,26,0.10360349714756012,layer2.0,6,0.12681857303291535,A,3.0,L,cIT,Chabo,1.8,-0.6000000000000001,9.0
1659,Chabo_L_A_2_4,IT,0,3.6812963485717773,layer2.0,7,0.7756699636378805,A,4.0,L,cIT,Chabo,-1.0,-0.2,2.0
1660,Chabo_L_A_3_3,IT,1,3.4011659622192383,layer2.0,7,0.739680390626249,A,3.0,L,cIT,Chabo,-0.6000000000000001,-0.6000000000000001,3.0
1661,Chabo_L_A_3_5,IT,2,1.659846305847168,layer2.0,7,0.6997791532743671,A,5.0,L,aIT,Chabo,-0.6000000000000001,0.2,3.0
1662,Chabo_L_A_4_0,IT,3,0.886062502861023,layer2.0,7,0.7202941732232627,A,0.0,L,cIT,Chabo,-0.2,-1.8,4.0
1663,Chabo_L_A_4_1,IT,4,0.8594349026679993,layer2.0,7,0.5986606103466949,A,1.0,L,cIT,Chabo,-0.2,-1.4000000000000001,4.0
1664,Chabo_L_A_4_2,IT,5,0.7208946347236633,layer2.0,7,0.5643218263298251,A,2.0,L,cIT,Chabo,-0.2,-1.0,4.0
1665,Chabo_L_A_4_3,IT,6,0.6090772747993469,layer2.0,7,0.47031037137618825,A,3.0,L,cIT,Chabo,-0.2,-0.6000000000000001,4.0
1666,Chabo_L_A_4_4,IT,7,0.544077455997467,layer2.0,7,0.5017271713960607,A,4.0,L,cIT,Chabo,-0.2,-0.2,4.0
1667,Chabo_L_A_4_5,IT,8,0.4565798044204712,layer2.0,7,0.45296524203876143,A,5.0,L,aIT,Chabo,-0.2,0.2,4.0
1668,Chabo_L_A_4_6,IT,9,0.42317721247673035,layer2.0,7,0.41361277200191926,A,6.0,L,aIT,Chabo,-0.2,0.6000000000000001,4.0
1669,Chabo_L_A_5_2,IT,10,0.3812921643257141,layer2.0,7,0.4716840820032606,A,2.0,L,cIT,Chabo,0.2,-1.0,5.0
1670,Chabo_L_A_5_3,IT,11,0.3442783057689667,layer2.0,7,0.4282770040145799,A,3.0,L,cIT,Chabo,0.2,-0.6000000000000001,5.0
1671,Chabo_L_A_5_5,IT,12,0.32809802889823914,layer2.0,7,0.5026514920643769,A,5.0,L,aIT,Chabo,0.2,0.2,5.0
1672,Chabo_L_A_6_0,IT,13,0.29826509952545166,layer2.0,7,0.35707881417624554,A,0.0,L,cIT,Chabo,0.6000000000000001,-1.8,6.0
1673,Chabo_L_A_6_1,IT,14,0.27354103326797485,layer2.0,7,0.48135162701361683,A,1.0,L,cIT,Chabo,0.6000000000000001,-1.4000000000000001,6.0
1674,Chabo_L_A_6_2,IT,15,0.25467604398727417,layer2.0,7,0.249129105687427,A,2.0,L,cIT,Chabo,0.6000000000000001,-1.0,6.0
1675,Chabo_L_A_6_3,IT,16,0.23339621722698212,layer2.0,7,0.31491907258436014,A,3.0,L,cIT,Chabo,0.6000000000000001,-0.6000000000000001,6.0
1676,Chabo_L_A_6_4,IT,17,0.2312329262495041,layer2.0,7,0.4172363064269029,A,4.0,L,cIT,Chabo,0.6000000000000001,-0.2,6.0
1677,Chabo_L_A_6_5,IT,18,0.21220755577087402,layer2.0,7,0.36767619084573766,A,5.0,L,aIT,Chabo,0.6000000000000001,0.2,6.0
1678,Chabo_L_A_6_6,IT,19,0.20158156752586365,layer2.0,7,0.23783919089961505,A,6.0,L,aIT,Chabo,0.6000000000000001,0.6000000000000001,6.0
1679,Chabo_L_A_7_1,IT,20,0.18825098872184753,layer2.0,7,0.20260535617850928,A,1.0,L,cIT,Chabo,1.0,-1.4000000000000001,7.0
1680,Chabo_L_A_7_2,IT,21,0.1796884983778,layer2.0,7,0.3441839411123644,A,2.0,L,cIT,Chabo,1.0,-1.0,7.0
1681,Chabo_L_A_7_3,IT,22,0.1678178757429123,layer2.0,7,0.0658254914619566,A,3.0,L,cIT,Chabo,1.0,-0.6000000000000001,7.0
1682,Chabo_L_A_7_4,IT,23,0.15748971700668335,layer2.0,7,0.295445194849075,A,4.0,L,cIT,Chabo,1.0,-0.2,7.0
1683,Chabo_L_A_7_7,IT,24,0.14034046232700348,layer2.0,7,0.26680775826216957,A,7.0,L,aIT,Chabo,1.0,1.0,7.0
1684,Chabo_L_A_8_5,IT,25,0.12072154879570007,layer2.0,7,0.2366388935879855,A,5.0,L,aIT,Chabo,1.4000000000000001,0.2,8.0
1685,Chabo_L_A_9_3,IT,26,0.10360349714756012,layer2.0,7,0.13727700664585188,A,3.0,L,cIT,Chabo,1.8,-0.6000000000000001,9.0
1686,Chabo_L_A_2_4,IT,0,3.6812963485717773,layer2.0,8,0.7386659344383409,A,4.0,L,cIT,Chabo,-1.0,-0.2,2.0
1687,Chabo_L_A_3_3,IT,1,3.4011659622192383,layer2.0,8,0.6971693851156011,A,3.0,L,cIT,Chabo,-0.6000000000000001,-0.6000000000000001,3.0
1688,Chabo_L_A_3_5,IT,2,1.659846305847168,layer2.0,8,0.7735012669418518,A,5.0,L,aIT,Chabo,-0.6000000000000001,0.2,3.0
1689,Chabo_L_A_4_0,IT,3,0.886062502861023,layer2.0,8,0.7264648482626315,A,0.0,L,cIT,Chabo,-0.2,-1.8,4.0
1690,Chabo_L_A_4_1,IT,4,0.8594349026679993,layer2.0,8,0.6618584713796853,A,1.0,L,cIT,Chabo,-0.2,-1.4000000000000001,4.0
1691,Chabo_L_A_4_2,IT,5,0.7208946347236633,layer2.0,8,0.5831862914289054,A,2.0,L,cIT,Chabo,-0.2,-1.0,4.0
1692,Chabo_L_A_4_3,IT,6,0.6090772747993469,layer2.0,8,0.5229707284402471,A,3.0,L,cIT,Chabo,-0.2,-0.6000000000000001,4.0
1693,Chabo_L_A_4_4,IT,7,0.544077455997467,layer2.0,8,0.5285218437967405,A,4.0,L,cIT,Chabo,-0.2,-0.2,4.0
1694,Chabo_L_A_4_5,IT,8,0.4565798044204712,layer2.0,8,0.5466253097122837,A,5.0,L,aIT,Chabo,-0.2,0.2,4.0
1695,Chabo_L_A_4_6,IT,9,0.42317721247673035,layer2.0,8,0.4896776091631847,A,6.0,L,aIT,Chabo,-0.2,0.6000000000000001,4.0
1696,Chabo_L_A_5_2,IT,10,0.3812921643257141,layer2.0,8,0.4768095617299267,A,2.0,L,cIT,Chabo,0.2,-1.0,5.0
1697,Chabo_L_A_5_3,IT,11,0.3442783057689667,layer2.0,8,0.3533515842897862,A,3.0,L,cIT,Chabo,0.2,-0.6000000000000001,5.0
1698,Chabo_L_A_5_5,IT,12,0.32809802889823914,layer2.0,8,0.4060347713576199,A,5.0,L,aIT,Chabo,0.2,0.2,5.0
1699,Chabo_L_A_6_0,IT,13,0.29826509952545166,layer2.0,8,0.33779123830962166,A,0.0,L,cIT,Chabo,0.6000000000000001,-1.8,6.0
1700,Chabo_L_A_6_1,IT,14,0.27354103326797485,layer2.0,8,0.3599123714309831,A,1.0,L,cIT,Chabo,0.6000000000000001,-1.4000000000000001,6.0
1701,Chabo_L_A_6_2,IT,15,0.25467604398727417,layer2.0,8,0.40277182642384035,A,2.0,L,cIT,Chabo,0.6000000000000001,-1.0,6.0
1702,Chabo_L_A_6_3,IT,16,0.23339621722698212,layer2.0,8,0.26116049883456666,A,3.0,L,cIT,Chabo,0.6000000000000001,-0.6000000000000001,6.0
1703,Chabo_L_A_6_4,IT,17,0.2312329262495041,layer2.0,8,0.3561046616635677,A,4.0,L,cIT,Chabo,0.6000000000000001,-0.2,6.0
1704,Chabo_L_A_6_5,IT,18,0.21220755577087402,layer2.0,8,0.39049850721434254,A,5.0,L,aIT,Chabo,0.6000000000000001,0.2,6.0
1705,Chabo_L_A_6_6,IT,19,0.20158156752586365,layer2.0,8,0.29832792277457615,A,6.0,L,aIT,Chabo,0.6000000000000001,0.6000000000000001,6.0
1706,Chabo_L_A_7_1,IT,20,0.18825098872184753,layer2.0,8,0.21954254690860436,A,1.0,L,cIT,Chabo,1.0,-1.4000000000000001,7.0
1707,Chabo_L_A_7_2,IT,21,0.1796884983778,layer2.0,8,0.3872333119680965,A,2.0,L,cIT,Chabo,1.0,-1.0,7.0
1708,Chabo_L_A_7_3,IT,22,0.1678178757429123,layer2.0,8,0.3107729311618752,A,3.0,L,cIT,Chabo,1.0,-0.6000000000000001,7.0
1709,Chabo_L_A_7_4,IT,23,0.15748971700668335,layer2.0,8,0.319155217990529,A,4.0,L,cIT,Chabo,1.0,-0.2,7.0
1710,Chabo_L_A_7_7,IT,24,0.14034046232700348,layer2.0,8,0.20128726703768143,A,7.0,L,aIT,Chabo,1.0,1.0,7.0
1711,Chabo_L_A_8_5,IT,25,0.12072154879570007,layer2.0,8,0.19744695188857825,A,5.0,L,aIT,Chabo,1.4000000000000001,0.2,8.0
1712,Chabo_L_A_9_3,IT,26,0.10360349714756012,layer2.0,8,0.18816977567467047,A,3.0,L,cIT,Chabo,1.8,-0.6000000000000001,9.0
1713,Chabo_L_A_2_4,IT,0,3.6812963485717773,layer2.0,9,0.7802642764931758,A,4.0,L,cIT,Chabo,-1.0,-0.2,2.0
1714,Chabo_L_A_3_3,IT,1,3.4011659622192383,layer2.0,9,0.7364847949805321,A,3.0,L,cIT,Chabo,-0.6000000000000001,-0.6000000000000001,3.0
1715,Chabo_L_A_3_5,IT,2,1.659846305847168,layer2.0,9,0.7720768694663926,A,5.0,L,aIT,Chabo,-0.6000000000000001,0.2,3.0
1716,Chabo_L_A_4_0,IT,3,0.886062502861023,layer2.0,9,0.8054749947400909,A,0.0,L,cIT,Chabo,-0.2,-1.8,4.0
1717,Chabo_L_A_4_1,IT,4,0.8594349026679993,layer2.0,9,0.534882661543624,A,1.0,L,cIT,Chabo,-0.2,-1.4000000000000001,4.0
1718,Chabo_L_A_4_2,IT,5,0.7208946347236633,layer2.0,9,0.6238330159382866,A,2.0,L,cIT,Chabo,-0.2,-1.0,4.0
1719,Chabo_L_A_4_3,IT,6,0.6090772747993469,layer2.0,9,0.5838242452193023,A,3.0,L,cIT,Chabo,-0.2,-0.6000000000000001,4.0
1720,Chabo_L_A_4_4,IT,7,0.544077455997467,layer2.0,9,0.5953913872465971,A,4.0,L,cIT,Chabo,-0.2,-0.2,4.0
1721,Chabo_L_A_4_5,IT,8,0.4565798044204712,layer2.0,9,0.4906869936485869,A,5.0,L,aIT,Chabo,-0.2,0.2,4.0
1722,Chabo_L_A_4_6,IT,9,0.42317721247673035,layer2.0,9,0.39583049746885474,A,6.0,L,aIT,Chabo,-0.2,0.6000000000000001,4.0
1723,Chabo_L_A_5_2,IT,10,0.3812921643257141,layer2.0,9,0.43183940447599356,A,2.0,L,cIT,Chabo,0.2,-1.0,5.0
1724,Chabo_L_A_5_3,IT,11,0.3442783057689667,layer2.0,9,0.40961977595381815,A,3.0,L,cIT,Chabo,0.2,-0.6000000000000001,5.0
1725,Chabo_L_A_5_5,IT,12,0.32809802889823914,layer2.0,9,0.5287093213531853,A,5.0,L,aIT,Chabo,0.2,0.2,5.0
1726,Chabo_L_A_6_0,IT,13,0.29826509952545166,layer2.0,9,0.38002713884730865,A,0.0,L,cIT,Chabo,0.6000000000000001,-1.8,6.0
1727,Chabo_L_A_6_1,IT,14,0.27354103326797485,layer2.0,9,0.49209389325447944,A,1.0,L,cIT,Chabo,0.6000000000000001,-1.4000000000000001,6.0
1728,Chabo_L_A_6_2,IT,15,0.25467604398727417,layer2.0,9,0.3433919258369672,A,2.0,L,cIT,Chabo,0.6000000000000001,-1.0,6.0
1729,Chabo_L_A_6_3,IT,16,0.23339621722698212,layer2.0,9,0.32480162680724445,A,3.0,L,cIT,Chabo,0.6000000000000001,-0.6000000000000001,6.0
1730,Chabo_L_A_6_4,IT,17,0.2312329262495041,layer2.0,9,0.39891716125400095,A,4.0,L,cIT,Chabo,0.6000000000000001,-0.2,6.0
1731,Chabo_L_A_6_5,IT,18,0.21220755577087402,layer2.0,9,0.3473832530629932,A,5.0,L,aIT,Chabo,0.6000000000000001,0.2,6.0
1732,Chabo_L_A_6_6,IT,19,0.20158156752586365,layer2.0,9,0.2775938777579674,A,6.0,L,aIT,Chabo,0.6000000000000001,0.6000000000000001,6.0
1733,Chabo_L_A_7_1,IT,20,0.18825098872184753,layer2.0,9,0.2909230634711576,A,1.0,L,cIT,Chabo,1.0,-1.4000000000000001,7.0
1734,Chabo_L_A_7_2,IT,21,0.1796884983778,layer2.0,9,0.3732274188653214,A,2.0,L,cIT,Chabo,1.0,-1.0,7.0
1735,Chabo_L_A_7_3,IT,22,0.1678178757429123,layer2.0,9,0.21805013676418677,A,3.0,L,cIT,Chabo,1.0,-0.6000000000000001,7.0
1736,Chabo_L_A_7_4,IT,23,0.15748971700668335,layer2.0,9,0.3654438488077905,A,4.0,L,cIT,Chabo,1.0,-0.2,7.0
1737,Chabo_L_A_7_7,IT,24,0.14034046232700348,layer2.0,9,0.23616762948707443,A,7.0,L,aIT,Chabo,1.0,1.0,7.0
1738,Chabo_L_A_8_5,IT,25,0.12072154879570007,layer2.0,9,0.1815016937085588,A,5.0,L,aIT,Chabo,1.4000000000000001,0.2,8.0
1739,Chabo_L_A_9_3,IT,26,0.10360349714756012,layer2.0,9,0.09008150407539758,A,3.0,L,cIT,Chabo,1.8,-0.6000000000000001,9.0
1740,Chabo_L_A_2_4,IT,0,3.6812963485717773,layer3.0,0,0.8104255412097265,A,4.0,L,cIT,Chabo,-1.0,-0.2,2.0
1741,Chabo_L_A_3_3,IT,1,3.4011659622192383,layer3.0,0,0.9020160040074119,A,3.0,L,cIT,Chabo,-0.6000000000000001,-0.6000000000000001,3.0
1742,Chabo_L_A_3_5,IT,2,1.659846305847168,layer3.0,0,0.8459565015323665,A,5.0,L,aIT,Chabo,-0.6000000000000001,0.2,3.0
1743,Chabo_L_A_4_0,IT,3,0.886062502861023,layer3.0,0,0.8010751082148109,A,0.0,L,cIT,Chabo,-0.2,-1.8,4.0
1744,Chabo_L_A_4_1,IT,4,0.8594349026679993,layer3.0,0,0.6650993777525271,A,1.0,L,cIT,Chabo,-0.2,-1.4000000000000001,4.0
1745,Chabo_L_A_4_2,IT,5,0.7208946347236633,layer3.0,0,0.7240976465417797,A,2.0,L,cIT,Chabo,-0.2,-1.0,4.0
1746,Chabo_L_A_4_3,IT,6,0.6090772747993469,layer3.0,0,0.6692155245423106,A,3.0,L,cIT,Chabo,-0.2,-0.6000000000000001,4.0
1747,Chabo_L_A_4_4,IT,7,0.544077455997467,layer3.0,0,0.6775969013510903,A,4.0,L,cIT,Chabo,-0.2,-0.2,4.0
1748,Chabo_L_A_4_5,IT,8,0.4565798044204712,layer3.0,0,0.5604303714178938,A,5.0,L,aIT,Chabo,-0.2,0.2,4.0
1749,Chabo_L_A_4_6,IT,9,0.42317721247673035,layer3.0,0,0.5629983312870305,A,6.0,L,aIT,Chabo,-0.2,0.6000000000000001,4.0
1750,Chabo_L_A_5_2,IT,10,0.3812921643257141,layer3.0,0,0.5075844496710173,A,2.0,L,cIT,Chabo,0.2,-1.0,5.0
1751,Chabo_L_A_5_3,IT,11,0.3442783057689667,layer3.0,0,0.4889796395240632,A,3.0,L,cIT,Chabo,0.2,-0.6000000000000001,5.0
1752,Chabo_L_A_5_5,IT,12,0.32809802889823914,layer3.0,0,0.5728505996093292,A,5.0,L,aIT,Chabo,0.2,0.2,5.0
1753,Chabo_L_A_6_0,IT,13,0.29826509952545166,layer3.0,0,0.4534398592822703,A,0.0,L,cIT,Chabo,0.6000000000000001,-1.8,6.0
1754,Chabo_L_A_6_1,IT,14,0.27354103326797485,layer3.0,0,0.4158931739334055,A,1.0,L,cIT,Chabo,0.6000000000000001,-1.4000000000000001,6.0
1755,Chabo_L_A_6_2,IT,15,0.25467604398727417,layer3.0,0,0.366114162223113,A,2.0,L,cIT,Chabo,0.6000000000000001,-1.0,6.0
1756,Chabo_L_A_6_3,IT,16,0.23339621722698212,layer3.0,0,0.3717539927234965,A,3.0,L,cIT,Chabo,0.6000000000000001,-0.6000000000000001,6.0
1757,Chabo_L_A_6_4,IT,17,0.2312329262495041,layer3.0,0,0.31695983144055245,A,4.0,L,cIT,Chabo,0.6000000000000001,-0.2,6.0
1758,Chabo_L_A_6_5,IT,18,0.21220755577087402,layer3.0,0,0.41029620429476066,A,5.0,L,aIT,Chabo,0.6000000000000001,0.2,6.0
1759,Chabo_L_A_6_6,IT,19,0.20158156752586365,layer3.0,0,0.4374011359212974,A,6.0,L,aIT,Chabo,0.6000000000000001,0.6000000000000001,6.0
1760,Chabo_L_A_7_1,IT,20,0.18825098872184753,layer3.0,0,0.3318974892578701,A,1.0,L,cIT,Chabo,1.0,-1.4000000000000001,7.0
1761,Chabo_L_A_7_2,IT,21,0.1796884983778,layer3.0,0,0.4804473263050154,A,2.0,L,cIT,Chabo,1.0,-1.0,7.0
1762,Chabo_L_A_7_3,IT,22,0.1678178757429123,layer3.0,0,0.24561922190542324,A,3.0,L,cIT,Chabo,1.0,-0.6000000000000001,7.0
1763,Chabo_L_A_7_4,IT,23,0.15748971700668335,layer3.0,0,0.2816909407380207,A,4.0,L,cIT,Chabo,1.0,-0.2,7.0
1764,Chabo_L_A_7_7,IT,24,0.14034046232700348,layer3.0,0,0.33350741303193954,A,7.0,L,aIT,Chabo,1.0,1.0,7.0
1765,Chabo_L_A_8_5,IT,25,0.12072154879570007,layer3.0,0,0.14793868771787125,A,5.0,L,aIT,Chabo,1.4000000000000001,0.2,8.0
1766,Chabo_L_A_9_3,IT,26,0.10360349714756012,layer3.0,0,0.15857036465136426,A,3.0,L,cIT,Chabo,1.8,-0.6000000000000001,9.0
1767,Chabo_L_A_2_4,IT,0,3.6812963485717773,layer3.0,1,0.8001112648453186,A,4.0,L,cIT,Chabo,-1.0,-0.2,2.0
1768,Chabo_L_A_3_3,IT,1,3.4011659622192383,layer3.0,1,0.8868270768807596,A,3.0,L,cIT,Chabo,-0.6000000000000001,-0.6000000000000001,3.0
1769,Chabo_L_A_3_5,IT,2,1.659846305847168,layer3.0,1,0.8358278337462932,A,5.0,L,aIT,Chabo,-0.6000000000000001,0.2,3.0
1770,Chabo_L_A_4_0,IT,3,0.886062502861023,layer3.0,1,0.7790676769317024,A,0.0,L,cIT,Chabo,-0.2,-1.8,4.0
1771,Chabo_L_A_4_1,IT,4,0.8594349026679993,layer3.0,1,0.6855004629977026,A,1.0,L,cIT,Chabo,-0.2,-1.4000000000000001,4.0
1772,Chabo_L_A_4_2,IT,5,0.7208946347236633,layer3.0,1,0.6786371442094896,A,2.0,L,cIT,Chabo,-0.2,-1.0,4.0
1773,Chabo_L_A_4_3,IT,6,0.6090772747993469,layer3.0,1,0.6421764992186726,A,3.0,L,cIT,Chabo,-0.2,-0.6000000000000001,4.0
1774,Chabo_L_A_4_4,IT,7,0.544077455997467,layer3.0,1,0.5958390577404673,A,4.0,L,cIT,Chabo,-0.2,-0.2,4.0
1775,Chabo_L_A_4_5,IT,8,0.4565798044204712,layer3.0,1,0.5165485768633121,A,5.0,L,aIT,Chabo,-0.2,0.2,4.0
1776,Chabo_L_A_4_6,IT,9,0.42317721247673035,layer3.0,1,0.5722435405892788,A,6.0,L,aIT,Chabo,-0.2,0.6000000000000001,4.0
1777,Chabo_L_A_5_2,IT,10,0.3812921643257141,layer3.0,1,0.4670906555115,A,2.0,L,cIT,Chabo,0.2,-1.0,5.0
1778,Chabo_L_A_5_3,IT,11,0.3442783057689667,layer3.0,1,0.47527825201407564,A,3.0,L,cIT,Chabo,0.2,-0.6000000000000001,5.0
1779,Chabo_L_A_5_5,IT,12,0.32809802889823914,layer3.0,1,0.5518481795203495,A,5.0,L,aIT,Chabo,0.2,0.2,5.0
1780,Chabo_L_A_6_0,IT,13,0.29826509952545166,layer3.0,1,0.3831605867133566,A,0.0,L,cIT,Chabo,0.6000000000000001,-1.8,6.0
1781,Chabo_L_A_6_1,IT,14,0.27354103326797485,layer3.0,1,0.4889576403999589,A,1.0,L,cIT,Chabo,0.6000000000000001,-1.4000000000000001,6.0
1782,Chabo_L_A_6_2,IT,15,0.25467604398727417,layer3.0,1,0.4398261184622416,A,2.0,L,cIT,Chabo,0.6000000000000001,-1.0,6.0
1783,Chabo_L_A_6_3,IT,16,0.23339621722698212,layer3.0,1,0.40218432651479175,A,3.0,L,cIT,Chabo,0.6000000000000001,-0.6000000000000001,6.0
1784,Chabo_L_A_6_4,IT,17,0.2312329262495041,layer3.0,1,0.38954305336528444,A,4.0,L,cIT,Chabo,0.6000000000000001,-0.2,6.0
1785,Chabo_L_A_6_5,IT,18,0.21220755577087402,layer3.0,1,0.4696044874818507,A,5.0,L,aIT,Chabo,0.6000000000000001,0.2,6.0
1786,Chabo_L_A_6_6,IT,19,0.20158156752586365,layer3.0,1,0.348614348707185,A,6.0,L,aIT,Chabo,0.6000000000000001,0.6000000000000001,6.0
1787,Chabo_L_A_7_1,IT,20,0.18825098872184753,layer3.0,1,0.3689874052567518,A,1.0,L,cIT,Chabo,1.0,-1.4000000000000001,7.0
1788,Chabo_L_A_7_2,IT,21,0.1796884983778,layer3.0,1,0.3694402034550425,A,2.0,L,cIT,Chabo,1.0,-1.0,7.0
1789,Chabo_L_A_7_3,IT,22,0.1678178757429123,layer3.0,1,0.28118407801636147,A,3.0,L,cIT,Chabo,1.0,-0.6000000000000001,7.0
1790,Chabo_L_A_7_4,IT,23,0.15748971700668335,layer3.0,1,0.25215051840730723,A,4.0,L,cIT,Chabo,1.0,-0.2,7.0
1791,Chabo_L_A_7_7,IT,24,0.14034046232700348,layer3.0,1,0.3216854764899112,A,7.0,L,aIT,Chabo,1.0,1.0,7.0
1792,Chabo_L_A_8_5,IT,25,0.12072154879570007,layer3.0,1,0.20077810082871891,A,5.0,L,aIT,Chabo,1.4000000000000001,0.2,8.0
1793,Chabo_L_A_9_3,IT,26,0.10360349714756012,layer3.0,1,0.07171013588262781,A,3.0,L,cIT,Chabo,1.8,-0.6000000000000001,9.0
1794,Chabo_L_A_2_4,IT,0,3.6812963485717773,layer3.0,2,0.7750350393141419,A,4.0,L,cIT,Chabo,-1.0,-0.2,2.0
1795,Chabo_L_A_3_3,IT,1,3.4011659622192383,layer3.0,2,0.8842251068968714,A,3.0,L,cIT,Chabo,-0.6000000000000001,-0.6000000000000001,3.0
1796,Chabo_L_A_3_5,IT,2,1.659846305847168,layer3.0,2,0.8302970556086224,A,5.0,L,aIT,Chabo,-0.6000000000000001,0.2,3.0
1797,Chabo_L_A_4_0,IT,3,0.886062502861023,layer3.0,2,0.7280320662931824,A,0.0,L,cIT,Chabo,-0.2,-1.8,4.0
1798,Chabo_L_A_4_1,IT,4,0.8594349026679993,layer3.0,2,0.6545093934740367,A,1.0,L,cIT,Chabo,-0.2,-1.4000000000000001,4.0
1799,Chabo_L_A_4_2,IT,5,0.7208946347236633,layer3.0,2,0.6828698654278534,A,2.0,L,cIT,Chabo,-0.2,-1.0,4.0
1800,Chabo_L_A_4_3,IT,6,0.6090772747993469,layer3.0,2,0.7290978671195764,A,3.0,L,cIT,Chabo,-0.2,-0.6000000000000001,4.0
1801,Chabo_L_A_4_4,IT,7,0.544077455997467,layer3.0,2,0.6249806984254982,A,4.0,L,cIT,Chabo,-0.2,-0.2,4.0
1802,Chabo_L_A_4_5,IT,8,0.4565798044204712,layer3.0,2,0.5821345497631291,A,5.0,L,aIT,Chabo,-0.2,0.2,4.0
1803,Chabo_L_A_4_6,IT,9,0.42317721247673035,layer3.0,2,0.5819194714847751,A,6.0,L,aIT,Chabo,-0.2,0.6000000000000001,4.0
1804,Chabo_L_A_5_2,IT,10,0.3812921643257141,layer3.0,2,0.46353094109358955,A,2.0,L,cIT,Chabo,0.2,-1.0,5.0
1805,Chabo_L_A_5_3,IT,11,0.3442783057689667,layer3.0,2,0.46603180680343814,A,3.0,L,cIT,Chabo,0.2,-0.6000000000000001,5.0
1806,Chabo_L_A_5_5,IT,12,0.32809802889823914,layer3.0,2,0.5295687982081947,A,5.0,L,aIT,Chabo,0.2,0.2,5.0
1807,Chabo_L_A_6_0,IT,13,0.29826509952545166,layer3.0,2,0.34872398491938167,A,0.0,L,cIT,Chabo,0.6000000000000001,-1.8,6.0
1808,Chabo_L_A_6_1,IT,14,0.27354103326797485,layer3.0,2,0.44456066430423635,A,1.0,L,cIT,Chabo,0.6000000000000001,-1.4000000000000001,6.0
1809,Chabo_L_A_6_2,IT,15,0.25467604398727417,layer3.0,2,0.4735009737398073,A,2.0,L,cIT,Chabo,0.6000000000000001,-1.0,6.0
1810,Chabo_L_A_6_3,IT,16,0.23339621722698212,layer3.0,2,0.3889811716902416,A,3.0,L,cIT,Chabo,0.6000000000000001,-0.6000000000000001,6.0
1811,Chabo_L_A_6_4,IT,17,0.2312329262495041,layer3.0,2,0.3860627504572103,A,4.0,L,cIT,Chabo,0.6000000000000001,-0.2,6.0
1812,Chabo_L_A_6_5,IT,18,0.21220755577087402,layer3.0,2,0.3880898292127427,A,5.0,L,aIT,Chabo,0.6000000000000001,0.2,6.0
1813,Chabo_L_A_6_6,IT,19,0.20158156752586365,layer3.0,2,0.31685529416851727,A,6.0,L,aIT,Chabo,0.6000000000000001,0.6000000000000001,6.0
1814,Chabo_L_A_7_1,IT,20,0.18825098872184753,layer3.0,2,0.2441409727731076,A,1.0,L,cIT,Chabo,1.0,-1.4000000000000001,7.0
1815,Chabo_L_A_7_2,IT,21,0.1796884983778,layer3.0,2,0.4548911064481422,A,2.0,L,cIT,Chabo,1.0,-1.0,7.0
1816,Chabo_L_A_7_3,IT,22,0.1678178757429123,layer3.0,2,0.2860654502084862,A,3.0,L,cIT,Chabo,1.0,-0.6000000000000001,7.0
1817,Chabo_L_A_7_4,IT,23,0.15748971700668335,layer3.0,2,0.3883046427625573,A,4.0,L,cIT,Chabo,1.0,-0.2,7.0
1818,Chabo_L_A_7_7,IT,24,0.14034046232700348,layer3.0,2,0.40167586342901085,A,7.0,L,aIT,Chabo,1.0,1.0,7.0
1819,Chabo_L_A_8_5,IT,25,0.12072154879570007,layer3.0,2,0.14169840299852068,A,5.0,L,aIT,Chabo,1.4000000000000001,0.2,8.0
1820,Chabo_L_A_9_3,IT,26,0.10360349714756012,layer3.0,2,0.1359650624683589,A,3.0,L,cIT,Chabo,1.8,-0.6000000000000001,9.0
1821,Chabo_L_A_2_4,IT,0,3.6812963485717773,layer3.0,3,0.8120014665819636,A,4.0,L,cIT,Chabo,-1.0,-0.2,2.0
1822,Chabo_L_A_3_3,IT,1,3.4011659622192383,layer3.0,3,0.8981175537389109,A,3.0,L,cIT,Chabo,-0.6000000000000001,-0.6000000000000001,3.0
1823,Chabo_L_A_3_5,IT,2,1.659846305847168,layer3.0,3,0.8265064775535371,A,5.0,L,aIT,Chabo,-0.6000000000000001,0.2,3.0
1824,Chabo_L_A_4_0,IT,3,0.886062502861023,layer3.0,3,0.7955112588197235,A,0.0,L,cIT,Chabo,-0.2,-1.8,4.0
1825,Chabo_L_A_4_1,IT,4,0.8594349026679993,layer3.0,3,0.6741170849848929,A,1.0,L,cIT,Chabo,-0.2,-1.4000000000000001,4.0
1826,Chabo_L_A_4_2,IT,5,0.7208946347236633,layer3.0,3,0.6781850611940061,A,2.0,L,cIT,Chabo,-0.2,-1.0,4.0
1827,Chabo_L_A_4_3,IT,6,0.6090772747993469,layer3.0,3,0.6304644152619849,A,3.0,L,cIT,Chabo,-0.2,-0.6000000000000001,4.0
1828,Chabo_L_A_4_4,IT,7,0.544077455997467,layer3.0,3,0.631215440746002,A,4.0,L,cIT,Chabo,-0.2,-0.2,4.0
1829,Chabo_L_A_4_5,IT,8,0.4565798044204712,layer3.0,3,0.5520897255986661,A,5.0,L,aIT,Chabo,-0.2,0.2,4.0
1830,Chabo_L_A_4_6,IT,9,0.42317721247673035,layer3.0,3,0.5988454671826506,A,6.0,L,aIT,Chabo,-0.2,0.6000000000000001,4.0
1831,Chabo_L_A_5_2,IT,10,0.3812921643257141,layer3.0,3,0.4307443160837662,A,2.0,L,cIT,Chabo,0.2,-1.0,5.0
1832,Chabo_L_A_5_3,IT,11,0.3442783057689667,layer3.0,3,0.5018406702937181,A,3.0,L,cIT,Chabo,0.2,-0.6000000000000001,5.0
1833,Chabo_L_A_5_5,IT,12,0.32809802889823914,layer3.0,3,0.6076055121626338,A,5.0,L,aIT,Chabo,0.2,0.2,5.0
1834,Chabo_L_A_6_0,IT,13,0.29826509952545166,layer3.0,3,0.4270452008223602,A,0.0,L,cIT,Chabo,0.6000000000000001,-1.8,6.0
1835,Chabo_L_A_6_1,IT,14,0.27354103326797485,layer3.0,3,0.48745668443795453,A,1.0,L,cIT,Chabo,0.6000000000000001,-1.4000000000000001,6.0
1836,Chabo_L_A_6_2,IT,15,0.25467604398727417,layer3.0,3,0.40058231091207464,A,2.0,L,cIT,Chabo,0.6000000000000001,-1.0,6.0
1837,Chabo_L_A_6_3,IT,16,0.23339621722698212,layer3.0,3,0.3700545490966234,A,3.0,L,cIT,Chabo,0.6000000000000001,-0.6000000000000001,6.0
1838,Chabo_L_A_6_4,IT,17,0.2312329262495041,layer3.0,3,0.4979975908212838,A,4.0,L,cIT,Chabo,0.6000000000000001,-0.2,6.0
1839,Chabo_L_A_6_5,IT,18,0.21220755577087402,layer3.0,3,0.498713113449055,A,5.0,L,aIT,Chabo,0.6000000000000001,0.2,6.0
1840,Chabo_L_A_6_6,IT,19,0.20158156752586365,layer3.0,3,0.24678429079757175,A,6.0,L,aIT,Chabo,0.6000000000000001,0.6000000000000001,6.0
1841,Chabo_L_A_7_1,IT,20,0.18825098872184753,layer3.0,3,0.27347303221472397,A,1.0,L,cIT,Chabo,1.0,-1.4000000000000001,7.0
1842,Chabo_L_A_7_2,IT,21,0.1796884983778,layer3.0,3,0.4404932245443508,A,2.0,L,cIT,Chabo,1.0,-1.0,7.0
1843,Chabo_L_A_7_3,IT,22,0.1678178757429123,layer3.0,3,0.33686644954298073,A,3.0,L,cIT,Chabo,1.0,-0.6000000000000001,7.0
1844,Chabo_L_A_7_4,IT,23,0.15748971700668335,layer3.0,3,0.35862843847630266,A,4.0,L,cIT,Chabo,1.0,-0.2,7.0
1845,Chabo_L_A_7_7,IT,24,0.14034046232700348,layer3.0,3,0.45577508047421866,A,7.0,L,aIT,Chabo,1.0,1.0,7.0
1846,Chabo_L_A_8_5,IT,25,0.12072154879570007,layer3.0,3,0.12238508769190176,A,5.0,L,aIT,Chabo,1.4000000000000001,0.2,8.0
1847,Chabo_L_A_9_3,IT,26,0.10360349714756012,layer3.0,3,0.11378578539145213,A,3.0,L,cIT,Chabo,1.8,-0.6000000000000001,9.0
1848,Chabo_L_A_2_4,IT,0,3.6812963485717773,layer3.0,4,0.8131178251069184,A,4.0,L,cIT,Chabo,-1.0,-0.2,2.0
1849,Chabo_L_A_3_3,IT,1,3.4011659622192383,layer3.0,4,0.8880630162005434,A,3.0,L,cIT,Chabo,-0.6000000000000001,-0.6000000000000001,3.0
1850,Chabo_L_A_3_5,IT,2,1.659846305847168,layer3.0,4,0.8512655247020953,A,5.0,L,aIT,Chabo,-0.6000000000000001,0.2,3.0
1851,Chabo_L_A_4_0,IT,3,0.886062502861023,layer3.0,4,0.7868769716237959,A,0.0,L,cIT,Chabo,-0.2,-1.8,4.0
1852,Chabo_L_A_4_1,IT,4,0.8594349026679993,layer3.0,4,0.6918854843901747,A,1.0,L,cIT,Chabo,-0.2,-1.4000000000000001,4.0
1853,Chabo_L_A_4_2,IT,5,0.7208946347236633,layer3.0,4,0.7059905379713289,A,2.0,L,cIT,Chabo,-0.2,-1.0,4.0
1854,Chabo_L_A_4_3,IT,6,0.6090772747993469,layer3.0,4,0.6273454231888107,A,3.0,L,cIT,Chabo,-0.2,-0.6000000000000001,4.0
1855,Chabo_L_A_4_4,IT,7,0.544077455997467,layer3.0,4,0.6552915292501535,A,4.0,L,cIT,Chabo,-0.2,-0.2,4.0
1856,Chabo_L_A_4_5,IT,8,0.4565798044204712,layer3.0,4,0.5870787053395601,A,5.0,L,aIT,Chabo,-0.2,0.2,4.0
1857,Chabo_L_A_4_6,IT,9,0.42317721247673035,layer3.0,4,0.5460714467247074,A,6.0,L,aIT,Chabo,-0.2,0.6000000000000001,4.0
1858,Chabo_L_A_5_2,IT,10,0.3812921643257141,layer3.0,4,0.42706318669306664,A,2.0,L,cIT,Chabo,0.2,-1.0,5.0
1859,Chabo_L_A_5_3,IT,11,0.3442783057689667,layer3.0,4,0.5529900600557025,A,3.0,L,cIT,Chabo,0.2,-0.6000000000000001,5.0
1860,Chabo_L_A_5_5,IT,12,0.32809802889823914,layer3.0,4,0.5273086588964484,A,5.0,L,aIT,Chabo,0.2,0.2,5.0
1861,Chabo_L_A_6_0,IT,13,0.29826509952545166,layer3.0,4,0.43240053572372134,A,0.0,L,cIT,Chabo,0.6000000000000001,-1.8,6.0
1862,Chabo_L_A_6_1,IT,14,0.27354103326797485,layer3.0,4,0.466414094386434,A,1.0,L,cIT,Chabo,0.6000000000000001,-1.4000000000000001,6.0
1863,Chabo_L_A_6_2,IT,15,0.25467604398727417,layer3.0,4,0.34580774011786053,A,2.0,L,cIT,Chabo,0.6000000000000001,-1.0,6.0
1864,Chabo_L_A_6_3,IT,16,0.23339621722698212,layer3.0,4,0.3112933690225344,A,3.0,L,cIT,Chabo,0.6000000000000001,-0.6000000000000001,6.0
1865,Chabo_L_A_6_4,IT,17,0.2312329262495041,layer3.0,4,0.3606958999949814,A,4.0,L,cIT,Chabo,0.6000000000000001,-0.2,6.0
1866,Chabo_L_A_6_5,IT,18,0.21220755577087402,layer3.0,4,0.46080141742387604,A,5.0,L,aIT,Chabo,0.6000000000000001,0.2,6.0
1867,Chabo_L_A_6_6,IT,19,0.20158156752586365,layer3.0,4,0.3103194464225644,A,6.0,L,aIT,Chabo,0.6000000000000001,0.6000000000000001,6.0
1868,Chabo_L_A_7_1,IT,20,0.18825098872184753,layer3.0,4,0.24206288459357267,A,1.0,L,cIT,Chabo,1.0,-1.4000000000000001,7.0
1869,Chabo_L_A_7_2,IT,21,0.1796884983778,layer3.0,4,0.45335769195299447,A,2.0,L,cIT,Chabo,1.0,-1.0,7.0
1870,Chabo_L_A_7_3,IT,22,0.1678178757429123,layer3.0,4,0.21704479141423272,A,3.0,L,cIT,Chabo,1.0,-0.6000000000000001,7.0
1871,Chabo_L_A_7_4,IT,23,0.15748971700668335,layer3.0,4,0.25817727539257207,A,4.0,L,cIT,Chabo,1.0,-0.2,7.0
1872,Chabo_L_A_7_7,IT,24,0.14034046232700348,layer3.0,4,0.2700828218758887,A,7.0,L,aIT,Chabo,1.0,1.0,7.0
1873,Chabo_L_A_8_5,IT,25,0.12072154879570007,layer3.0,4,0.17644807772924137,A,5.0,L,aIT,Chabo,1.4000000000000001,0.2,8.0
1874,Chabo_L_A_9_3,IT,26,0.10360349714756012,layer3.0,4,0.1059302291201253,A,3.0,L,cIT,Chabo,1.8,-0.6000000000000001,9.0
1875,Chabo_L_A_2_4,IT,0,3.6812963485717773,layer3.0,5,0.8088103380208347,A,4.0,L,cIT,Chabo,-1.0,-0.2,2.0
1876,Chabo_L_A_3_3,IT,1,3.4011659622192383,layer3.0,5,0.8998769808243392,A,3.0,L,cIT,Chabo,-0.6000000000000001,-0.6000000000000001,3.0
1877,Chabo_L_A_3_5,IT,2,1.659846305847168,layer3.0,5,0.8639554380188581,A,5.0,L,aIT,Chabo,-0.6000000000000001,0.2,3.0
1878,Chabo_L_A_4_0,IT,3,0.886062502861023,layer3.0,5,0.7517878221078103,A,0.0,L,cIT,Chabo,-0.2,-1.8,4.0
1879,Chabo_L_A_4_1,IT,4,0.8594349026679993,layer3.0,5,0.6414299682728308,A,1.0,L,cIT,Chabo,-0.2,-1.4000000000000001,4.0
1880,Chabo_L_A_4_2,IT,5,0.7208946347236633,layer3.0,5,0.6984706694580705,A,2.0,L,cIT,Chabo,-0.2,-1.0,4.0
1881,Chabo_L_A_4_3,IT,6,0.6090772747993469,layer3.0,5,0.6813957908210563,A,3.0,L,cIT,Chabo,-0.2,-0.6000000000000001,4.0
1882,Chabo_L_A_4_4,IT,7,0.544077455997467,layer3.0,5,0.6649132218224287,A,4.0,L,cIT,Chabo,-0.2,-0.2,4.0
1883,Chabo_L_A_4_5,IT,8,0.4565798044204712,layer3.0,5,0.530433411337343,A,5.0,L,aIT,Chabo,-0.2,0.2,4.0
1884,Chabo_L_A_4_6,IT,9,0.42317721247673035,layer3.0,5,0.5728496220279164,A,6.0,L,aIT,Chabo,-0.2,0.6000000000000001,4.0
1885,Chabo_L_A_5_2,IT,10,0.3812921643257141,layer3.0,5,0.38817114551908544,A,2.0,L,cIT,Chabo,0.2,-1.0,5.0
1886,Chabo_L_A_5_3,IT,11,0.3442783057689667,layer3.0,5,0.45284170249716416,A,3.0,L,cIT,Chabo,0.2,-0.6000000000000001,5.0
1887,Chabo_L_A_5_5,IT,12,0.32809802889823914,layer3.0,5,0.5766141588008572,A,5.0,L,aIT,Chabo,0.2,0.2,5.0
1888,Chabo_L_A_6_0,IT,13,0.29826509952545166,layer3.0,5,0.3971394875334803,A,0.0,L,cIT,Chabo,0.6000000000000001,-1.8,6.0
1889,Chabo_L_A_6_1,IT,14,0.27354103326797485,layer3.0,5,0.4376989824224047,A,1.0,L,cIT,Chabo,0.6000000000000001,-1.4000000000000001,6.0
1890,Chabo_L_A_6_2,IT,15,0.25467604398727417,layer3.0,5,0.3243411812356378,A,2.0,L,cIT,Chabo,0.6000000000000001,-1.0,6.0
1891,Chabo_L_A_6_3,IT,16,0.23339621722698212,layer3.0,5,0.37761612661011257,A,3.0,L,cIT,Chabo,0.6000000000000001,-0.6000000000000001,6.0
1892,Chabo_L_A_6_4,IT,17,0.2312329262495041,layer3.0,5,0.37787414131697306,A,4.0,L,cIT,Chabo,0.6000000000000001,-0.2,6.0
1893,Chabo_L_A_6_5,IT,18,0.21220755577087402,layer3.0,5,0.47721488485835284,A,5.0,L,aIT,Chabo,0.6000000000000001,0.2,6.0
1894,Chabo_L_A_6_6,IT,19,0.20158156752586365,layer3.0,5,0.2683669184088898,A,6.0,L,aIT,Chabo,0.6000000000000001,0.6000000000000001,6.0
1895,Chabo_L_A_7_1,IT,20,0.18825098872184753,layer3.0,5,0.32221551661405634,A,1.0,L,cIT,Chabo,1.0,-1.4000000000000001,7.0
1896,Chabo_L_A_7_2,IT,21,0.1796884983778,layer3.0,5,0.36791112919172136,A,2.0,L,cIT,Chabo,1.0,-1.0,7.0
1897,Chabo_L_A_7_3,IT,22,0.1678178757429123,layer3.0,5,0.20021587009936853,A,3.0,L,cIT,Chabo,1.0,-0.6000000000000001,7.0
1898,Chabo_L_A_7_4,IT,23,0.15748971700668335,layer3.0,5,0.2784405031830045,A,4.0,L,cIT,Chabo,1.0,-0.2,7.0
1899,Chabo_L_A_7_7,IT,24,0.14034046232700348,layer3.0,5,0.371440785189064,A,7.0,L,aIT,Chabo,1.0,1.0,7.0
1900,Chabo_L_A_8_5,IT,25,0.12072154879570007,layer3.0,5,0.21124131795458928,A,5.0,L,aIT,Chabo,1.4000000000000001,0.2,8.0
1901,Chabo_L_A_9_3,IT,26,0.10360349714756012,layer3.0,5,0.08298040069071427,A,3.0,L,cIT,Chabo,1.8,-0.6000000000000001,9.0
1902,Chabo_L_A_2_4,IT,0,3.6812963485717773,layer3.0,6,0.8170899113965121,A,4.0,L,cIT,Chabo,-1.0,-0.2,2.0
1903,Chabo_L_A_3_3,IT,1,3.4011659622192383,layer3.0,6,0.87752363151041,A,3.0,L,cIT,Chabo,-0.6000000000000001,-0.6000000000000001,3.0
1904,Chabo_L_A_3_5,IT,2,1.659846305847168,layer3.0,6,0.8334274559030204,A,5.0,L,aIT,Chabo,-0.6000000000000001,0.2,3.0
1905,Chabo_L_A_4_0,IT,3,0.886062502861023,layer3.0,6,0.7904735581601471,A,0.0,L,cIT,Chabo,-0.2,-1.8,4.0
1906,Chabo_L_A_4_1,IT,4,0.8594349026679993,layer3.0,6,0.6709299306028276,A,1.0,L,cIT,Chabo,-0.2,-1.4000000000000001,4.0
1907,Chabo_L_A_4_2,IT,5,0.7208946347236633,layer3.0,6,0.6591385582299611,A,2.0,L,cIT,Chabo,-0.2,-1.0,4.0
1908,Chabo_L_A_4_3,IT,6,0.6090772747993469,layer3.0,6,0.728795636616873,A,3.0,L,cIT,Chabo,-0.2,-0.6000000000000001,4.0
1909,Chabo_L_A_4_4,IT,7,0.544077455997467,layer3.0,6,0.6505542041353433,A,4.0,L,cIT,Chabo,-0.2,-0.2,4.0
1910,Chabo_L_A_4_5,IT,8,0.4565798044204712,layer3.0,6,0.5182161942094808,A,5.0,L,aIT,Chabo,-0.2,0.2,4.0
1911,Chabo_L_A_4_6,IT,9,0.42317721247673035,layer3.0,6,0.5345353948115831,A,6.0,L,aIT,Chabo,-0.2,0.6000000000000001,4.0
1912,Chabo_L_A_5_2,IT,10,0.3812921643257141,layer3.0,6,0.4767385472530903,A,2.0,L,cIT,Chabo,0.2,-1.0,5.0
1913,Chabo_L_A_5_3,IT,11,0.3442783057689667,layer3.0,6,0.5444545257005902,A,3.0,L,cIT,Chabo,0.2,-0.6000000000000001,5.0
1914,Chabo_L_A_5_5,IT,12,0.32809802889823914,layer3.0,6,0.5838735298351199,A,5.0,L,aIT,Chabo,0.2,0.2,5.0
1915,Chabo_L_A_6_0,IT,13,0.29826509952545166,layer3.0,6,0.40785829177298033,A,0.0,L,cIT,Chabo,0.6000000000000001,-1.8,6.0
1916,Chabo_L_A_6_1,IT,14,0.27354103326797485,layer3.0,6,0.5028691421074558,A,1.0,L,cIT,Chabo,0.6000000000000001,-1.4000000000000001,6.0
1917,Chabo_L_A_6_2,IT,15,0.25467604398727417,layer3.0,6,0.3695948562168161,A,2.0,L,cIT,Chabo,0.6000000000000001,-1.0,6.0
1918,Chabo_L_A_6_3,IT,16,0.23339621722698212,layer3.0,6,0.3573234957428493,A,3.0,L,cIT,Chabo,0.6000000000000001,-0.6000000000000001,6.0
1919,Chabo_L_A_6_4,IT,17,0.2312329262495041,layer3.0,6,0.46710202602702133,A,4.0,L,cIT,Chabo,0.6000000000000001,-0.2,6.0
1920,Chabo_L_A_6_5,IT,18,0.21220755577087402,layer3.0,6,0.411478346807421,A,5.0,L,aIT,Chabo,0.6000000000000001,0.2,6.0
1921,Chabo_L_A_6_6,IT,19,0.20158156752586365,layer3.0,6,0.3212028974120929,A,6.0,L,aIT,Chabo,0.6000000000000001,0.6000000000000001,6.0
1922,Chabo_L_A_7_1,IT,20,0.18825098872184753,layer3.0,6,0.2692968019394021,A,1.0,L,cIT,Chabo,1.0,-1.4000000000000001,7.0
1923,Chabo_L_A_7_2,IT,21,0.1796884983778,layer3.0,6,0.3847794034087392,A,2.0,L,cIT,Chabo,1.0,-1.0,7.0
1924,Chabo_L_A_7_3,IT,22,0.1678178757429123,layer3.0,6,0.2834997763077792,A,3.0,L,cIT,Chabo,1.0,-0.6000000000000001,7.0
1925,Chabo_L_A_7_4,IT,23,0.15748971700668335,layer3.0,6,0.3510281419514466,A,4.0,L,cIT,Chabo,1.0,-0.2,7.0
1926,Chabo_L_A_7_7,IT,24,0.14034046232700348,layer3.0,6,0.2597172378479925,A,7.0,L,aIT,Chabo,1.0,1.0,7.0
1927,Chabo_L_A_8_5,IT,25,0.12072154879570007,layer3.0,6,0.19332198204791431,A,5.0,L,aIT,Chabo,1.4000000000000001,0.2,8.0
1928,Chabo_L_A_9_3,IT,26,0.10360349714756012,layer3.0,6,0.11139162892726323,A,3.0,L,cIT,Chabo,1.8,-0.6000000000000001,9.0
1929,Chabo_L_A_2_4,IT,0,3.6812963485717773,layer3.0,7,0.8349390649247854,A,4.0,L,cIT,Chabo,-1.0,-0.2,2.0
1930,Chabo_L_A_3_3,IT,1,3.4011659622192383,layer3.0,7,0.8793193594474957,A,3.0,L,cIT,Chabo,-0.6000000000000001,-0.6000000000000001,3.0
1931,Chabo_L_A_3_5,IT,2,1.659846305847168,layer3.0,7,0.783405336093496,A,5.0,L,aIT,Chabo,-0.6000000000000001,0.2,3.0
1932,Chabo_L_A_4_0,IT,3,0.886062502861023,layer3.0,7,0.7770730239049161,A,0.0,L,cIT,Chabo,-0.2,-1.8,4.0
1933,Chabo_L_A_4_1,IT,4,0.8594349026679993,layer3.0,7,0.6521989273623297,A,1.0,L,cIT,Chabo,-0.2,-1.4000000000000001,4.0
1934,Chabo_L_A_4_2,IT,5,0.7208946347236633,layer3.0,7,0.6616184242680347,A,2.0,L,cIT,Chabo,-0.2,-1.0,4.0
1935,Chabo_L_A_4_3,IT,6,0.6090772747993469,layer3.0,7,0.6431120531436764,A,3.0,L,cIT,Chabo,-0.2,-0.6000000000000001,4.0
1936,Chabo_L_A_4_4,IT,7,0.544077455997467,layer3.0,7,0.5729956651663857,A,4.0,L,cIT,Chabo,-0.2,-0.2,4.0
1937,Chabo_L_A_4_5,IT,8,0.4565798044204712,layer3.0,7,0.5152088796794032,A,5.0,L,aIT,Chabo,-0.2,0.2,4.0
1938,Chabo_L_A_4_6,IT,9,0.42317721247673035,layer3.0,7,0.5444249871061244,A,6.0,L,aIT,Chabo,-0.2,0.6000000000000001,4.0
1939,Chabo_L_A_5_2,IT,10,0.3812921643257141,layer3.0,7,0.4556419856456979,A,2.0,L,cIT,Chabo,0.2,-1.0,5.0
1940,Chabo_L_A_5_3,IT,11,0.3442783057689667,layer3.0,7,0.4977547216728892,A,3.0,L,cIT,Chabo,0.2,-0.6000000000000001,5.0
1941,Chabo_L_A_5_5,IT,12,0.32809802889823914,layer3.0,7,0.565175638884683,A,5.0,L,aIT,Chabo,0.2,0.2,5.0
1942,Chabo_L_A_6_0,IT,13,0.29826509952545166,layer3.0,7,0.3664610477516239,A,0.0,L,cIT,Chabo,0.6000000000000001,-1.8,6.0
1943,Chabo_L_A_6_1,IT,14,0.27354103326797485,layer3.0,7,0.44279328671417584,A,1.0,L,cIT,Chabo,0.6000000000000001,-1.4000000000000001,6.0
1944,Chabo_L_A_6_2,IT,15,0.25467604398727417,layer3.0,7,0.38442360536360765,A,2.0,L,cIT,Chabo,0.6000000000000001,-1.0,6.0
1945,Chabo_L_A_6_3,IT,16,0.23339621722698212,layer3.0,7,0.3582258312164006,A,3.0,L,cIT,Chabo,0.6000000000000001,-0.6000000000000001,6.0
1946,Chabo_L_A_6_4,IT,17,0.2312329262495041,layer3.0,7,0.4549625835978586,A,4.0,L,cIT,Chabo,0.6000000000000001,-0.2,6.0
1947,Chabo_L_A_6_5,IT,18,0.21220755577087402,layer3.0,7,0.44298691163597564,A,5.0,L,aIT,Chabo,0.6000000000000001,0.2,6.0
1948,Chabo_L_A_6_6,IT,19,0.20158156752586365,layer3.0,7,0.2560779955930922,A,6.0,L,aIT,Chabo,0.6000000000000001,0.6000000000000001,6.0
1949,Chabo_L_A_7_1,IT,20,0.18825098872184753,layer3.0,7,0.218840693450972,A,1.0,L,cIT,Chabo,1.0,-1.4000000000000001,7.0
1950,Chabo_L_A_7_2,IT,21,0.1796884983778,layer3.0,7,0.39117380914381883,A,2.0,L,cIT,Chabo,1.0,-1.0,7.0
1951,Chabo_L_A_7_3,IT,22,0.1678178757429123,layer3.0,7,0.18752937222839833,A,3.0,L,cIT,Chabo,1.0,-0.6000000000000001,7.0
1952,Chabo_L_A_7_4,IT,23,0.15748971700668335,layer3.0,7,0.26315024165464995,A,4.0,L,cIT,Chabo,1.0,-0.2,7.0
1953,Chabo_L_A_7_7,IT,24,0.14034046232700348,layer3.0,7,0.30488624446238677,A,7.0,L,aIT,Chabo,1.0,1.0,7.0
1954,Chabo_L_A_8_5,IT,25,0.12072154879570007,layer3.0,7,0.2793243233753854,A,5.0,L,aIT,Chabo,1.4000000000000001,0.2,8.0
1955,Chabo_L_A_9_3,IT,26,0.10360349714756012,layer3.0,7,0.1638320354489461,A,3.0,L,cIT,Chabo,1.8,-0.6000000000000001,9.0
1956,Chabo_L_A_2_4,IT,0,3.6812963485717773,layer3.0,8,0.8097709752469615,A,4.0,L,cIT,Chabo,-1.0,-0.2,2.0
1957,Chabo_L_A_3_3,IT,1,3.4011659622192383,layer3.0,8,0.8772510976630341,A,3.0,L,cIT,Chabo,-0.6000000000000001,-0.6000000000000001,3.0
1958,Chabo_L_A_3_5,IT,2,1.659846305847168,layer3.0,8,0.834257440593834,A,5.0,L,aIT,Chabo,-0.6000000000000001,0.2,3.0
1959,Chabo_L_A_4_0,IT,3,0.886062502861023,layer3.0,8,0.73382650046585,A,0.0,L,cIT,Chabo,-0.2,-1.8,4.0
1960,Chabo_L_A_4_1,IT,4,0.8594349026679993,layer3.0,8,0.7010858951202417,A,1.0,L,cIT,Chabo,-0.2,-1.4000000000000001,4.0
1961,Chabo_L_A_4_2,IT,5,0.7208946347236633,layer3.0,8,0.6606653695388823,A,2.0,L,cIT,Chabo,-0.2,-1.0,4.0
1962,Chabo_L_A_4_3,IT,6,0.6090772747993469,layer3.0,8,0.679045801695598,A,3.0,L,cIT,Chabo,-0.2,-0.6000000000000001,4.0
1963,Chabo_L_A_4_4,IT,7,0.544077455997467,layer3.0,8,0.6004120704750053,A,4.0,L,cIT,Chabo,-0.2,-0.2,4.0
1964,Chabo_L_A_4_5,IT,8,0.4565798044204712,layer3.0,8,0.6010974975087927,A,5.0,L,aIT,Chabo,-0.2,0.2,4.0
1965,Chabo_L_A_4_6,IT,9,0.42317721247673035,layer3.0,8,0.5807177951604672,A,6.0,L,aIT,Chabo,-0.2,0.6000000000000001,4.0
1966,Chabo_L_A_5_2,IT,10,0.3812921643257141,layer3.0,8,0.5099712445898137,A,2.0,L,cIT,Chabo,0.2,-1.0,5.0
1967,Chabo_L_A_5_3,IT,11,0.3442783057689667,layer3.0,8,0.4814245694048296,A,3.0,L,cIT,Chabo,0.2,-0.6000000000000001,5.0
1968,Chabo_L_A_5_5,IT,12,0.32809802889823914,layer3.0,8,0.5281289478661064,A,5.0,L,aIT,Chabo,0.2,0.2,5.0
1969,Chabo_L_A_6_0,IT,13,0.29826509952545166,layer3.0,8,0.37180334893255607,A,0.0,L,cIT,Chabo,0.6000000000000001,-1.8,6.0
1970,Chabo_L_A_6_1,IT,14,0.27354103326797485,layer3.0,8,0.39461855266449153,A,1.0,L,cIT,Chabo,0.6000000000000001,-1.4000000000000001,6.0
1971,Chabo_L_A_6_2,IT,15,0.25467604398727417,layer3.0,8,0.454312730840893,A,2.0,L,cIT,Chabo,0.6000000000000001,-1.0,6.0
1972,Chabo_L_A_6_3,IT,16,0.23339621722698212,layer3.0,8,0.33817696259006436,A,3.0,L,cIT,Chabo,0.6000000000000001,-0.6000000000000001,6.0
1973,Chabo_L_A_6_4,IT,17,0.2312329262495041,layer3.0,8,0.401339287806669,A,4.0,L,cIT,Chabo,0.6000000000000001,-0.2,6.0
1974,Chabo_L_A_6_5,IT,18,0.21220755577087402,layer3.0,8,0.42462361643038293,A,5.0,L,aIT,Chabo,0.6000000000000001,0.2,6.0
1975,Chabo_L_A_6_6,IT,19,0.20158156752586365,layer3.0,8,0.30870758328556247,A,6.0,L,aIT,Chabo,0.6000000000000001,0.6000000000000001,6.0
1976,Chabo_L_A_7_1,IT,20,0.18825098872184753,layer3.0,8,0.23230123999931418,A,1.0,L,cIT,Chabo,1.0,-1.4000000000000001,7.0
1977,Chabo_L_A_7_2,IT,21,0.1796884983778,layer3.0,8,0.4597319660502429,A,2.0,L,cIT,Chabo,1.0,-1.0,7.0
1978,Chabo_L_A_7_3,IT,22,0.1678178757429123,layer3.0,8,0.3863560092020859,A,3.0,L,cIT,Chabo,1.0,-0.6000000000000001,7.0
1979,Chabo_L_A_7_4,IT,23,0.15748971700668335,layer3.0,8,0.31015149011366927,A,4.0,L,cIT,Chabo,1.0,-0.2,7.0
1980,Chabo_L_A_7_7,IT,24,0.14034046232700348,layer3.0,8,0.32401741866866035,A,7.0,L,aIT,Chabo,1.0,1.0,7.0
1981,Chabo_L_A_8_5,IT,25,0.12072154879570007,layer3.0,8,0.16297643399057316,A,5.0,L,aIT,Chabo,1.4000000000000001,0.2,8.0
1982,Chabo_L_A_9_3,IT,26,0.10360349714756012,layer3.0,8,0.18148641912198774,A,3.0,L,cIT,Chabo,1.8,-0.6000000000000001,9.0
1983,Chabo_L_A_2_4,IT,0,3.6812963485717773,layer3.0,9,0.8227066029382486,A,4.0,L,cIT,Chabo,-1.0,-0.2,2.0
1984,Chabo_L_A_3_3,IT,1,3.4011659622192383,layer3.0,9,0.8928683155256345,A,3.0,L,cIT,Chabo,-0.6000000000000001,-0.6000000000000001,3.0
1985,Chabo_L_A_3_5,IT,2,1.659846305847168,layer3.0,9,0.8463073286648402,A,5.0,L,aIT,Chabo,-0.6000000000000001,0.2,3.0
1986,Chabo_L_A_4_0,IT,3,0.886062502861023,layer3.0,9,0.820193393660742,A,0.0,L,cIT,Chabo,-0.2,-1.8,4.0
1987,Chabo_L_A_4_1,IT,4,0.8594349026679993,layer3.0,9,0.598892227601392,A,1.0,L,cIT,Chabo,-0.2,-1.4000000000000001,4.0
1988,Chabo_L_A_4_2,IT,5,0.7208946347236633,layer3.0,9,0.7412442915611723,A,2.0,L,cIT,Chabo,-0.2,-1.0,4.0
1989,Chabo_L_A_4_3,IT,6,0.6090772747993469,layer3.0,9,0.7115890421904969,A,3.0,L,cIT,Chabo,-0.2,-0.6000000000000001,4.0
1990,Chabo_L_A_4_4,IT,7,0.544077455997467,layer3.0,9,0.6888198468375608,A,4.0,L,cIT,Chabo,-0.2,-0.2,4.0
1991,Chabo_L_A_4_5,IT,8,0.4565798044204712,layer3.0,9,0.5203028542047549,A,5.0,L,aIT,Chabo,-0.2,0.2,4.0
1992,Chabo_L_A_4_6,IT,9,0.42317721247673035,layer3.0,9,0.5086114202318475,A,6.0,L,aIT,Chabo,-0.2,0.6000000000000001,4.0
1993,Chabo_L_A_5_2,IT,10,0.3812921643257141,layer3.0,9,0.4667210089425738,A,2.0,L,cIT,Chabo,0.2,-1.0,5.0
1994,Chabo_L_A_5_3,IT,11,0.3442783057689667,layer3.0,9,0.49720170816517456,A,3.0,L,cIT,Chabo,0.2,-0.6000000000000001,5.0
1995,Chabo_L_A_5_5,IT,12,0.32809802889823914,layer3.0,9,0.6075426824349213,A,5.0,L,aIT,Chabo,0.2,0.2,5.0
1996,Chabo_L_A_6_0,IT,13,0.29826509952545166,layer3.0,9,0.4316769289005904,A,0.0,L,cIT,Chabo,0.6000000000000001,-1.8,6.0
1997,Chabo_L_A_6_1,IT,14,0.27354103326797485,layer3.0,9,0.5208883847177563,A,1.0,L,cIT,Chabo,0.6000000000000001,-1.4000000000000001,6.0
1998,Chabo_L_A_6_2,IT,15,0.25467604398727417,layer3.0,9,0.3802828126155734,A,2.0,L,cIT,Chabo,0.6000000000000001,-1.0,6.0
1999,Chabo_L_A_6_3,IT,16,0.23339621722698212,layer3.0,9,0.4023658917101417,A,3.0,L,cIT,Chabo,0.6000000000000001,-0.6000000000000001,6.0
2000,Chabo_L_A_6_4,IT,17,0.2312329262495041,layer3.0,9,0.41145517351055577,A,4.0,L,cIT,Chabo,0.6000000000000001,-0.2,6.0
2001,Chabo_L_A_6_5,IT,18,0.21220755577087402,layer3.0,9,0.42123294928156,A,5.0,L,aIT,Chabo,0.6000000000000001,0.2,6.0
2002,Chabo_L_A_6_6,IT,19,0.20158156752586365,layer3.0,9,0.2858798803927317,A,6.0,L,aIT,Chabo,0.6000000000000001,0.6000000000000001,6.0
2003,Chabo_L_A_7_1,IT,20,0.18825098872184753,layer3.0,9,0.26348813513246333,A,1.0,L,cIT,Chabo,1.0,-1.4000000000000001,7.0
2004,Chabo_L_A_7_2,IT,21,0.1796884983778,layer3.0,9,0.4259673322994765,A,2.0,L,cIT,Chabo,1.0,-1.0,7.0
2005,Chabo_L_A_7_3,IT,22,0.1678178757429123,layer3.0,9,0.3269528354140937,A,3.0,L,cIT,Chabo,1.0,-0.6000000000000001,7.0
2006,Chabo_L_A_7_4,IT,23,0.15748971700668335,layer3.0,9,0.3637128166804813,A,4.0,L,cIT,Chabo,1.0,-0.2,7.0
2007,Chabo_L_A_7_7,IT,24,0.14034046232700348,layer3.0,9,0.2988266141070159,A,7.0,L,aIT,Chabo,1.0,1.0,7.0
2008,Chabo_L_A_8_5,IT,25,0.12072154879570007,layer3.0,9,0.0991152065391681,A,5.0,L,aIT,Chabo,1.4000000000000001,0.2,8.0
2009,Chabo_L_A_9_3,IT,26,0.10360349714756012,layer3.0,9,0.12369265950281637,A,3.0,L,cIT,Chabo,1.8,-0.6000000000000001,9.0
2010,Chabo_L_A_2_4,IT,0,3.6812963485717773,layer4.0,0,0.7900685150624487,A,4.0,L,cIT,Chabo,-1.0,-0.2,2.0
2011,Chabo_L_A_3_3,IT,1,3.4011659622192383,layer4.0,0,0.9085235781654373,A,3.0,L,cIT,Chabo,-0.6000000000000001,-0.6000000000000001,3.0
2012,Chabo_L_A_3_5,IT,2,1.659846305847168,layer4.0,0,0.8412523669274994,A,5.0,L,aIT,Chabo,-0.6000000000000001,0.2,3.0
2013,Chabo_L_A_4_0,IT,3,0.886062502861023,layer4.0,0,0.7957767390879382,A,0.0,L,cIT,Chabo,-0.2,-1.8,4.0
2014,Chabo_L_A_4_1,IT,4,0.8594349026679993,layer4.0,0,0.6436239883424778,A,1.0,L,cIT,Chabo,-0.2,-1.4000000000000001,4.0
2015,Chabo_L_A_4_2,IT,5,0.7208946347236633,layer4.0,0,0.6937500738242891,A,2.0,L,cIT,Chabo,-0.2,-1.0,4.0
2016,Chabo_L_A_4_3,IT,6,0.6090772747993469,layer4.0,0,0.6743466682233791,A,3.0,L,cIT,Chabo,-0.2,-0.6000000000000001,4.0
2017,Chabo_L_A_4_4,IT,7,0.544077455997467,layer4.0,0,0.7660111536390579,A,4.0,L,cIT,Chabo,-0.2,-0.2,4.0
2018,Chabo_L_A_4_5,IT,8,0.4565798044204712,layer4.0,0,0.6046115314131092,A,5.0,L,aIT,Chabo,-0.2,0.2,4.0
2019,Chabo_L_A_4_6,IT,9,0.42317721247673035,layer4.0,0,0.5677365316171055,A,6.0,L,aIT,Chabo,-0.2,0.6000000000000001,4.0
2020,Chabo_L_A_5_2,IT,10,0.3812921643257141,layer4.0,0,0.5405497546155777,A,2.0,L,cIT,Chabo,0.2,-1.0,5.0
2021,Chabo_L_A_5_3,IT,11,0.3442783057689667,layer4.0,0,0.5858783706998489,A,3.0,L,cIT,Chabo,0.2,-0.6000000000000001,5.0
2022,Chabo_L_A_5_5,IT,12,0.32809802889823914,layer4.0,0,0.6233102581840853,A,5.0,L,aIT,Chabo,0.2,0.2,5.0
2023,Chabo_L_A_6_0,IT,13,0.29826509952545166,layer4.0,0,0.4200700561109919,A,0.0,L,cIT,Chabo,0.6000000000000001,-1.8,6.0
2024,Chabo_L_A_6_1,IT,14,0.27354103326797485,layer4.0,0,0.437919338894368,A,1.0,L,cIT,Chabo,0.6000000000000001,-1.4000000000000001,6.0
2025,Chabo_L_A_6_2,IT,15,0.25467604398727417,layer4.0,0,0.49417439132128727,A,2.0,L,cIT,Chabo,0.6000000000000001,-1.0,6.0
2026,Chabo_L_A_6_3,IT,16,0.23339621722698212,layer4.0,0,0.47381463705627963,A,3.0,L,cIT,Chabo,0.6000000000000001,-0.6000000000000001,6.0
2027,Chabo_L_A_6_4,IT,17,0.2312329262495041,layer4.0,0,0.3222951962242763,A,4.0,L,cIT,Chabo,0.6000000000000001,-0.2,6.0
2028,Chabo_L_A_6_5,IT,18,0.21220755577087402,layer4.0,0,0.5032607450062814,A,5.0,L,aIT,Chabo,0.6000000000000001,0.2,6.0
2029,Chabo_L_A_6_6,IT,19,0.20158156752586365,layer4.0,0,0.3863352832428415,A,6.0,L,aIT,Chabo,0.6000000000000001,0.6000000000000001,6.0
2030,Chabo_L_A_7_1,IT,20,0.18825098872184753,layer4.0,0,0.44086616475005935,A,1.0,L,cIT,Chabo,1.0,-1.4000000000000001,7.0
2031,Chabo_L_A_7_2,IT,21,0.1796884983778,layer4.0,0,0.4802772109860515,A,2.0,L,cIT,Chabo,1.0,-1.0,7.0
2032,Chabo_L_A_7_3,IT,22,0.1678178757429123,layer4.0,0,0.3499818961922305,A,3.0,L,cIT,Chabo,1.0,-0.6000000000000001,7.0
2033,Chabo_L_A_7_4,IT,23,0.15748971700668335,layer4.0,0,0.23940859331723055,A,4.0,L,cIT,Chabo,1.0,-0.2,7.0
2034,Chabo_L_A_7_7,IT,24,0.14034046232700348,layer4.0,0,0.3147566407037029,A,7.0,L,aIT,Chabo,1.0,1.0,7.0
2035,Chabo_L_A_8_5,IT,25,0.12072154879570007,layer4.0,0,0.16951370125688567,A,5.0,L,aIT,Chabo,1.4000000000000001,0.2,8.0
2036,Chabo_L_A_9_3,IT,26,0.10360349714756012,layer4.0,0,0.10771773689718958,A,3.0,L,cIT,Chabo,1.8,-0.6000000000000001,9.0
2037,Chabo_L_A_2_4,IT,0,3.6812963485717773,layer4.0,1,0.8134383859981797,A,4.0,L,cIT,Chabo,-1.0,-0.2,2.0
2038,Chabo_L_A_3_3,IT,1,3.4011659622192383,layer4.0,1,0.8868038723177869,A,3.0,L,cIT,Chabo,-0.6000000000000001,-0.6000000000000001,3.0
2039,Chabo_L_A_3_5,IT,2,1.659846305847168,layer4.0,1,0.8237544336476305,A,5.0,L,aIT,Chabo,-0.6000000000000001,0.2,3.0
2040,Chabo_L_A_4_0,IT,3,0.886062502861023,layer4.0,1,0.741152257455581,A,0.0,L,cIT,Chabo,-0.2,-1.8,4.0
2041,Chabo_L_A_4_1,IT,4,0.8594349026679993,layer4.0,1,0.6733419867579576,A,1.0,L,cIT,Chabo,-0.2,-1.4000000000000001,4.0
2042,Chabo_L_A_4_2,IT,5,0.7208946347236633,layer4.0,1,0.6978611212938415,A,2.0,L,cIT,Chabo,-0.2,-1.0,4.0
2043,Chabo_L_A_4_3,IT,6,0.6090772747993469,layer4.0,1,0.6810149602716828,A,3.0,L,cIT,Chabo,-0.2,-0.6000000000000001,4.0
2044,Chabo_L_A_4_4,IT,7,0.544077455997467,layer4.0,1,0.6624980006465282,A,4.0,L,cIT,Chabo,-0.2,-0.2,4.0
2045,Chabo_L_A_4_5,IT,8,0.4565798044204712,layer4.0,1,0.56331280657321,A,5.0,L,aIT,Chabo,-0.2,0.2,4.0
2046,Chabo_L_A_4_6,IT,9,0.42317721247673035,layer4.0,1,0.579650768805672,A,6.0,L,aIT,Chabo,-0.2,0.6000000000000001,4.0
2047,Chabo_L_A_5_2,IT,10,0.3812921643257141,layer4.0,1,0.5522386443110068,A,2.0,L,cIT,Chabo,0.2,-1.0,5.0
2048,Chabo_L_A_5_3,IT,11,0.3442783057689667,layer4.0,1,0.5814439857225403,A,3.0,L,cIT,Chabo,0.2,-0.6000000000000001,5.0
2049,Chabo_L_A_5_5,IT,12,0.32809802889823914,layer4.0,1,0.6634022442304227,A,5.0,L,aIT,Chabo,0.2,0.2,5.0
2050,Chabo_L_A_6_0,IT,13,0.29826509952545166,layer4.0,1,0.33796129778784084,A,0.0,L,cIT,Chabo,0.6000000000000001,-1.8,6.0
2051,Chabo_L_A_6_1,IT,14,0.27354103326797485,layer4.0,1,0.47913091277446385,A,1.0,L,cIT,Chabo,0.6000000000000001,-1.4000000000000001,6.0
2052,Chabo_L_A_6_2,IT,15,0.25467604398727417,layer4.0,1,0.5625512193032443,A,2.0,L,cIT,Chabo,0.6000000000000001,-1.0,6.0
2053,Chabo_L_A_6_3,IT,16,0.23339621722698212,layer4.0,1,0.4523651802359387,A,3.0,L,cIT,Chabo,0.6000000000000001,-0.6000000000000001,6.0
2054,Chabo_L_A_6_4,IT,17,0.2312329262495041,layer4.0,1,0.44929849784573306,A,4.0,L,cIT,Chabo,0.6000000000000001,-0.2,6.0
2055,Chabo_L_A_6_5,IT,18,0.21220755577087402,layer4.0,1,0.4417150561215761,A,5.0,L,aIT,Chabo,0.6000000000000001,0.2,6.0
2056,Chabo_L_A_6_6,IT,19,0.20158156752586365,layer4.0,1,0.3587947100231356,A,6.0,L,aIT,Chabo,0.6000000000000001,0.6000000000000001,6.0
2057,Chabo_L_A_7_1,IT,20,0.18825098872184753,layer4.0,1,0.4053906503948882,A,1.0,L,cIT,Chabo,1.0,-1.4000000000000001,7.0
2058,Chabo_L_A_7_2,IT,21,0.1796884983778,layer4.0,1,0.3265747812807248,A,2.0,L,cIT,Chabo,1.0,-1.0,7.0
2059,Chabo_L_A_7_3,IT,22,0.1678178757429123,layer4.0,1,0.27921953428408475,A,3.0,L,cIT,Chabo,1.0,-0.6000000000000001,7.0
2060,Chabo_L_A_7_4,IT,23,0.15748971700668335,layer4.0,1,0.2730853599739282,A,4.0,L,cIT,Chabo,1.0,-0.2,7.0
2061,Chabo_L_A_7_7,IT,24,0.14034046232700348,layer4.0,1,0.3877148281436962,A,7.0,L,aIT,Chabo,1.0,1.0,7.0
2062,Chabo_L_A_8_5,IT,25,0.12072154879570007,layer4.0,1,0.20352562029222998,A,5.0,L,aIT,Chabo,1.4000000000000001,0.2,8.0
2063,Chabo_L_A_9_3,IT,26,0.10360349714756012,layer4.0,1,0.1219507829168621,A,3.0,L,cIT,Chabo,1.8,-0.6000000000000001,9.0
2064,Chabo_L_A_2_4,IT,0,3.6812963485717773,layer4.0,2,0.7856224746761029,A,4.0,L,cIT,Chabo,-1.0,-0.2,2.0
2065,Chabo_L_A_3_3,IT,1,3.4011659622192383,layer4.0,2,0.9041734842352016,A,3.0,L,cIT,Chabo,-0.6000000000000001,-0.6000000000000001,3.0
2066,Chabo_L_A_3_5,IT,2,1.659846305847168,layer4.0,2,0.8247096677178057,A,5.0,L,aIT,Chabo,-0.6000000000000001,0.2,3.0
2067,Chabo_L_A_4_0,IT,3,0.886062502861023,layer4.0,2,0.7222955812855236,A,0.0,L,cIT,Chabo,-0.2,-1.8,4.0
2068,Chabo_L_A_4_1,IT,4,0.8594349026679993,layer4.0,2,0.6859079794565132,A,1.0,L,cIT,Chabo,-0.2,-1.4000000000000001,4.0
2069,Chabo_L_A_4_2,IT,5,0.7208946347236633,layer4.0,2,0.7104015827810908,A,2.0,L,cIT,Chabo,-0.2,-1.0,4.0
2070,Chabo_L_A_4_3,IT,6,0.6090772747993469,layer4.0,2,0.7616350120328823,A,3.0,L,cIT,Chabo,-0.2,-0.6000000000000001,4.0
2071,Chabo_L_A_4_4,IT,7,0.544077455997467,layer4.0,2,0.6469104246653674,A,4.0,L,cIT,Chabo,-0.2,-0.2,4.0
2072,Chabo_L_A_4_5,IT,8,0.4565798044204712,layer4.0,2,0.6049484144727735,A,5.0,L,aIT,Chabo,-0.2,0.2,4.0
2073,Chabo_L_A_4_6,IT,9,0.42317721247673035,layer4.0,2,0.5714624936692554,A,6.0,L,aIT,Chabo,-0.2,0.6000000000000001,4.0
2074,Chabo_L_A_5_2,IT,10,0.3812921643257141,layer4.0,2,0.5435524712831694,A,2.0,L,cIT,Chabo,0.2,-1.0,5.0
2075,Chabo_L_A_5_3,IT,11,0.3442783057689667,layer4.0,2,0.5489813440405473,A,3.0,L,cIT,Chabo,0.2,-0.6000000000000001,5.0
2076,Chabo_L_A_5_5,IT,12,0.32809802889823914,layer4.0,2,0.652933261716498,A,5.0,L,aIT,Chabo,0.2,0.2,5.0
2077,Chabo_L_A_6_0,IT,13,0.29826509952545166,layer4.0,2,0.4158343941775885,A,0.0,L,cIT,Chabo,0.6000000000000001,-1.8,6.0
2078,Chabo_L_A_6_1,IT,14,0.27354103326797485,layer4.0,2,0.4023847457739519,A,1.0,L,cIT,Chabo,0.6000000000000001,-1.4000000000000001,6.0
2079,Chabo_L_A_6_2,IT,15,0.25467604398727417,layer4.0,2,0.5242934046631724,A,2.0,L,cIT,Chabo,0.6000000000000001,-1.0,6.0
2080,Chabo_L_A_6_3,IT,16,0.23339621722698212,layer4.0,2,0.453894870084642,A,3.0,L,cIT,Chabo,0.6000000000000001,-0.6000000000000001,6.0
2081,Chabo_L_A_6_4,IT,17,0.2312329262495041,layer4.0,2,0.4524641127109293,A,4.0,L,cIT,Chabo,0.6000000000000001,-0.2,6.0
2082,Chabo_L_A_6_5,IT,18,0.21220755577087402,layer4.0,2,0.393853527160411,A,5.0,L,aIT,Chabo,0.6000000000000001,0.2,6.0
2083,Chabo_L_A_6_6,IT,19,0.20158156752586365,layer4.0,2,0.3063999293194198,A,6.0,L,aIT,Chabo,0.6000000000000001,0.6000000000000001,6.0
2084,Chabo_L_A_7_1,IT,20,0.18825098872184753,layer4.0,2,0.3379006990813396,A,1.0,L,cIT,Chabo,1.0,-1.4000000000000001,7.0
2085,Chabo_L_A_7_2,IT,21,0.1796884983778,layer4.0,2,0.43456372032585266,A,2.0,L,cIT,Chabo,1.0,-1.0,7.0
2086,Chabo_L_A_7_3,IT,22,0.1678178757429123,layer4.0,2,0.2599548579633595,A,3.0,L,cIT,Chabo,1.0,-0.6000000000000001,7.0
2087,Chabo_L_A_7_4,IT,23,0.15748971700668335,layer4.0,2,0.37542076981103584,A,4.0,L,cIT,Chabo,1.0,-0.2,7.0
2088,Chabo_L_A_7_7,IT,24,0.14034046232700348,layer4.0,2,0.41897523004597115,A,7.0,L,aIT,Chabo,1.0,1.0,7.0
2089,Chabo_L_A_8_5,IT,25,0.12072154879570007,layer4.0,2,0.22978123071735365,A,5.0,L,aIT,Chabo,1.4000000000000001,0.2,8.0
2090,Chabo_L_A_9_3,IT,26,0.10360349714756012,layer4.0,2,0.1311030968640165,A,3.0,L,cIT,Chabo,1.8,-0.6000000000000001,9.0
2091,Chabo_L_A_2_4,IT,0,3.6812963485717773,layer4.0,3,0.8060378735188211,A,4.0,L,cIT,Chabo,-1.0,-0.2,2.0
2092,Chabo_L_A_3_3,IT,1,3.4011659622192383,layer4.0,3,0.9081039511737501,A,3.0,L,cIT,Chabo,-0.6000000000000001,-0.6000000000000001,3.0
2093,Chabo_L_A_3_5,IT,2,1.659846305847168,layer4.0,3,0.8319292814619527,A,5.0,L,aIT,Chabo,-0.6000000000000001,0.2,3.0
2094,Chabo_L_A_4_0,IT,3,0.886062502861023,layer4.0,3,0.7708414188444475,A,0.0,L,cIT,Chabo,-0.2,-1.8,4.0
2095,Chabo_L_A_4_1,IT,4,0.8594349026679993,layer4.0,3,0.6630683372640553,A,1.0,L,cIT,Chabo,-0.2,-1.4000000000000001,4.0
2096,Chabo_L_A_4_2,IT,5,0.7208946347236633,layer4.0,3,0.6992780901324325,A,2.0,L,cIT,Chabo,-0.2,-1.0,4.0
2097,Chabo_L_A_4_3,IT,6,0.6090772747993469,layer4.0,3,0.7181914621976158,A,3.0,L,cIT,Chabo,-0.2,-0.6000000000000001,4.0
2098,Chabo_L_A_4_4,IT,7,0.544077455997467,layer4.0,3,0.7092595814933655,A,4.0,L,cIT,Chabo,-0.2,-0.2,4.0
2099,Chabo_L_A_4_5,IT,8,0.4565798044204712,layer4.0,3,0.5535368573336963,A,5.0,L,aIT,Chabo,-0.2,0.2,4.0
2100,Chabo_L_A_4_6,IT,9,0.42317721247673035,layer4.0,3,0.5970858942315016,A,6.0,L,aIT,Chabo,-0.2,0.6000000000000001,4.0
2101,Chabo_L_A_5_2,IT,10,0.3812921643257141,layer4.0,3,0.47865227241630837,A,2.0,L,cIT,Chabo,0.2,-1.0,5.0
2102,Chabo_L_A_5_3,IT,11,0.3442783057689667,layer4.0,3,0.5847948042479314,A,3.0,L,cIT,Chabo,0.2,-0.6000000000000001,5.0
2103,Chabo_L_A_5_5,IT,12,0.32809802889823914,layer4.0,3,0.6097114979342562,A,5.0,L,aIT,Chabo,0.2,0.2,5.0
2104,Chabo_L_A_6_0,IT,13,0.29826509952545166,layer4.0,3,0.42651070733426016,A,0.0,L,cIT,Chabo,0.6000000000000001,-1.8,6.0
2105,Chabo_L_A_6_1,IT,14,0.27354103326797485,layer4.0,3,0.4969777674126832,A,1.0,L,cIT,Chabo,0.6000000000000001,-1.4000000000000001,6.0
2106,Chabo_L_A_6_2,IT,15,0.25467604398727417,layer4.0,3,0.48533478512672446,A,2.0,L,cIT,Chabo,0.6000000000000001,-1.0,6.0
2107,Chabo_L_A_6_3,IT,16,0.23339621722698212,layer4.0,3,0.45862372946956054,A,3.0,L,cIT,Chabo,0.6000000000000001,-0.6000000000000001,6.0
2108,Chabo_L_A_6_4,IT,17,0.2312329262495041,layer4.0,3,0.47542242924234235,A,4.0,L,cIT,Chabo,0.6000000000000001,-0.2,6.0
2109,Chabo_L_A_6_5,IT,18,0.21220755577087402,layer4.0,3,0.42559411735635316,A,5.0,L,aIT,Chabo,0.6000000000000001,0.2,6.0
2110,Chabo_L_A_6_6,IT,19,0.20158156752586365,layer4.0,3,0.2816118833706227,A,6.0,L,aIT,Chabo,0.6000000000000001,0.6000000000000001,6.0
2111,Chabo_L_A_7_1,IT,20,0.18825098872184753,layer4.0,3,0.24240089940693418,A,1.0,L,cIT,Chabo,1.0,-1.4000000000000001,7.0
2112,Chabo_L_A_7_2,IT,21,0.1796884983778,layer4.0,3,0.3729394748914905,A,2.0,L,cIT,Chabo,1.0,-1.0,7.0
2113,Chabo_L_A_7_3,IT,22,0.1678178757429123,layer4.0,3,0.30093488532288687,A,3.0,L,cIT,Chabo,1.0,-0.6000000000000001,7.0
2114,Chabo_L_A_7_4,IT,23,0.15748971700668335,layer4.0,3,0.3385222611128753,A,4.0,L,cIT,Chabo,1.0,-0.2,7.0
2115,Chabo_L_A_7_7,IT,24,0.14034046232700348,layer4.0,3,0.41497912156793065,A,7.0,L,aIT,Chabo,1.0,1.0,7.0
2116,Chabo_L_A_8_5,IT,25,0.12072154879570007,layer4.0,3,0.16028598335447275,A,5.0,L,aIT,Chabo,1.4000000000000001,0.2,8.0
2117,Chabo_L_A_9_3,IT,26,0.10360349714756012,layer4.0,3,0.12754860608114088,A,3.0,L,cIT,Chabo,1.8,-0.6000000000000001,9.0
2118,Chabo_L_A_2_4,IT,0,3.6812963485717773,layer4.0,4,0.8079630532392946,A,4.0,L,cIT,Chabo,-1.0,-0.2,2.0
2119,Chabo_L_A_3_3,IT,1,3.4011659622192383,layer4.0,4,0.9082768178956779,A,3.0,L,cIT,Chabo,-0.6000000000000001,-0.6000000000000001,3.0
2120,Chabo_L_A_3_5,IT,2,1.659846305847168,layer4.0,4,0.8593399721589383,A,5.0,L,aIT,Chabo,-0.6000000000000001,0.2,3.0
2121,Chabo_L_A_4_0,IT,3,0.886062502861023,layer4.0,4,0.7453454433058903,A,0.0,L,cIT,Chabo,-0.2,-1.8,4.0
2122,Chabo_L_A_4_1,IT,4,0.8594349026679993,layer4.0,4,0.6999084624615932,A,1.0,L,cIT,Chabo,-0.2,-1.4000000000000001,4.0
2123,Chabo_L_A_4_2,IT,5,0.7208946347236633,layer4.0,4,0.721949177506078,A,2.0,L,cIT,Chabo,-0.2,-1.0,4.0
2124,Chabo_L_A_4_3,IT,6,0.6090772747993469,layer4.0,4,0.7023974561897892,A,3.0,L,cIT,Chabo,-0.2,-0.6000000000000001,4.0
2125,Chabo_L_A_4_4,IT,7,0.544077455997467,layer4.0,4,0.7103353582566443,A,4.0,L,cIT,Chabo,-0.2,-0.2,4.0
2126,Chabo_L_A_4_5,IT,8,0.4565798044204712,layer4.0,4,0.6125605049913603,A,5.0,L,aIT,Chabo,-0.2,0.2,4.0
2127,Chabo_L_A_4_6,IT,9,0.42317721247673035,layer4.0,4,0.5870028400265923,A,6.0,L,aIT,Chabo,-0.2,0.6000000000000001,4.0
2128,Chabo_L_A_5_2,IT,10,0.3812921643257141,layer4.0,4,0.4085194539414256,A,2.0,L,cIT,Chabo,0.2,-1.0,5.0
2129,Chabo_L_A_5_3,IT,11,0.3442783057689667,layer4.0,4,0.6372362122117432,A,3.0,L,cIT,Chabo,0.2,-0.6000000000000001,5.0
2130,Chabo_L_A_5_5,IT,12,0.32809802889823914,layer4.0,4,0.6068031057939349,A,5.0,L,aIT,Chabo,0.2,0.2,5.0
2131,Chabo_L_A_6_0,IT,13,0.29826509952545166,layer4.0,4,0.41642720228527763,A,0.0,L,cIT,Chabo,0.6000000000000001,-1.8,6.0
2132,Chabo_L_A_6_1,IT,14,0.27354103326797485,layer4.0,4,0.5287845253242981,A,1.0,L,cIT,Chabo,0.6000000000000001,-1.4000000000000001,6.0
2133,Chabo_L_A_6_2,IT,15,0.25467604398727417,layer4.0,4,0.4785643463902481,A,2.0,L,cIT,Chabo,0.6000000000000001,-1.0,6.0
2134,Chabo_L_A_6_3,IT,16,0.23339621722698212,layer4.0,4,0.40914594749406263,A,3.0,L,cIT,Chabo,0.6000000000000001,-0.6000000000000001,6.0
2135,Chabo_L_A_6_4,IT,17,0.2312329262495041,layer4.0,4,0.4290113944295217,A,4.0,L,cIT,Chabo,0.6000000000000001,-0.2,6.0
2136,Chabo_L_A_6_5,IT,18,0.21220755577087402,layer4.0,4,0.4872117110778288,A,5.0,L,aIT,Chabo,0.6000000000000001,0.2,6.0
2137,Chabo_L_A_6_6,IT,19,0.20158156752586365,layer4.0,4,0.32390764139465855,A,6.0,L,aIT,Chabo,0.6000000000000001,0.6000000000000001,6.0
2138,Chabo_L_A_7_1,IT,20,0.18825098872184753,layer4.0,4,0.3222080637420946,A,1.0,L,cIT,Chabo,1.0,-1.4000000000000001,7.0
2139,Chabo_L_A_7_2,IT,21,0.1796884983778,layer4.0,4,0.3966485085995219,A,2.0,L,cIT,Chabo,1.0,-1.0,7.0
2140,Chabo_L_A_7_3,IT,22,0.1678178757429123,layer4.0,4,0.23127262919728578,A,3.0,L,cIT,Chabo,1.0,-0.6000000000000001,7.0
2141,Chabo_L_A_7_4,IT,23,0.15748971700668335,layer4.0,4,0.23871911125607703,A,4.0,L,cIT,Chabo,1.0,-0.2,7.0
2142,Chabo_L_A_7_7,IT,24,0.14034046232700348,layer4.0,4,0.25998381117071145,A,7.0,L,aIT,Chabo,1.0,1.0,7.0
2143,Chabo_L_A_8_5,IT,25,0.12072154879570007,layer4.0,4,0.16335802161409635,A,5.0,L,aIT,Chabo,1.4000000000000001,0.2,8.0
2144,Chabo_L_A_9_3,IT,26,0.10360349714756012,layer4.0,4,0.121959152874308,A,3.0,L,cIT,Chabo,1.8,-0.6000000000000001,9.0
2145,Chabo_L_A_2_4,IT,0,3.6812963485717773,layer4.0,5,0.7920889347857542,A,4.0,L,cIT,Chabo,-1.0,-0.2,2.0
2146,Chabo_L_A_3_3,IT,1,3.4011659622192383,layer4.0,5,0.9070182361985808,A,3.0,L,cIT,Chabo,-0.6000000000000001,-0.6000000000000001,3.0
2147,Chabo_L_A_3_5,IT,2,1.659846305847168,layer4.0,5,0.8673033823817345,A,5.0,L,aIT,Chabo,-0.6000000000000001,0.2,3.0
2148,Chabo_L_A_4_0,IT,3,0.886062502861023,layer4.0,5,0.7217869514694104,A,0.0,L,cIT,Chabo,-0.2,-1.8,4.0
2149,Chabo_L_A_4_1,IT,4,0.8594349026679993,layer4.0,5,0.6662579036854612,A,1.0,L,cIT,Chabo,-0.2,-1.4000000000000001,4.0
2150,Chabo_L_A_4_2,IT,5,0.7208946347236633,layer4.0,5,0.7011208332710145,A,2.0,L,cIT,Chabo,-0.2,-1.0,4.0
2151,Chabo_L_A_4_3,IT,6,0.6090772747993469,layer4.0,5,0.7030378043850165,A,3.0,L,cIT,Chabo,-0.2,-0.6000000000000001,4.0
2152,Chabo_L_A_4_4,IT,7,0.544077455997467,layer4.0,5,0.7306798118106952,A,4.0,L,cIT,Chabo,-0.2,-0.2,4.0
2153,Chabo_L_A_4_5,IT,8,0.4565798044204712,layer4.0,5,0.5728622551427608,A,5.0,L,aIT,Chabo,-0.2,0.2,4.0
2154,Chabo_L_A_4_6,IT,9,0.42317721247673035,layer4.0,5,0.5469952608805031,A,6.0,L,aIT,Chabo,-0.2,0.6000000000000001,4.0
2155,Chabo_L_A_5_2,IT,10,0.3812921643257141,layer4.0,5,0.5067121524586353,A,2.0,L,cIT,Chabo,0.2,-1.0,5.0
2156,Chabo_L_A_5_3,IT,11,0.3442783057689667,layer4.0,5,0.5549910232702289,A,3.0,L,cIT,Chabo,0.2,-0.6000000000000001,5.0
2157,Chabo_L_A_5_5,IT,12,0.32809802889823914,layer4.0,5,0.6456056460743846,A,5.0,L,aIT,Chabo,0.2,0.2,5.0
2158,Chabo_L_A_6_0,IT,13,0.29826509952545166,layer4.0,5,0.40713533091468745,A,0.0,L,cIT,Chabo,0.6000000000000001,-1.8,6.0
2159,Chabo_L_A_6_1,IT,14,0.27354103326797485,layer4.0,5,0.3643250621324244,A,1.0,L,cIT,Chabo,0.6000000000000001,-1.4000000000000001,6.0
2160,Chabo_L_A_6_2,IT,15,0.25467604398727417,layer4.0,5,0.47718040850017174,A,2.0,L,cIT,Chabo,0.6000000000000001,-1.0,6.0
2161,Chabo_L_A_6_3,IT,16,0.23339621722698212,layer4.0,5,0.47047638739732445,A,3.0,L,cIT,Chabo,0.6000000000000001,-0.6000000000000001,6.0
2162,Chabo_L_A_6_4,IT,17,0.2312329262495041,layer4.0,5,0.4203564995710406,A,4.0,L,cIT,Chabo,0.6000000000000001,-0.2,6.0
2163,Chabo_L_A_6_5,IT,18,0.21220755577087402,layer4.0,5,0.4815665509299031,A,5.0,L,aIT,Chabo,0.6000000000000001,0.2,6.0
2164,Chabo_L_A_6_6,IT,19,0.20158156752586365,layer4.0,5,0.3615664490985546,A,6.0,L,aIT,Chabo,0.6000000000000001,0.6000000000000001,6.0
2165,Chabo_L_A_7_1,IT,20,0.18825098872184753,layer4.0,5,0.32606588400133374,A,1.0,L,cIT,Chabo,1.0,-1.4000000000000001,7.0
2166,Chabo_L_A_7_2,IT,21,0.1796884983778,layer4.0,5,0.3012290585451538,A,2.0,L,cIT,Chabo,1.0,-1.0,7.0
2167,Chabo_L_A_7_3,IT,22,0.1678178757429123,layer4.0,5,0.2786141829682329,A,3.0,L,cIT,Chabo,1.0,-0.6000000000000001,7.0
2168,Chabo_L_A_7_4,IT,23,0.15748971700668335,layer4.0,5,0.2335044388742946,A,4.0,L,cIT,Chabo,1.0,-0.2,7.0
2169,Chabo_L_A_7_7,IT,24,0.14034046232700348,layer4.0,5,0.32607498226781967,A,7.0,L,aIT,Chabo,1.0,1.0,7.0
2170,Chabo_L_A_8_5,IT,25,0.12072154879570007,layer4.0,5,0.24937949752077065,A,5.0,L,aIT,Chabo,1.4000000000000001,0.2,8.0
2171,Chabo_L_A_9_3,IT,26,0.10360349714756012,layer4.0,5,0.15333126192838167,A,3.0,L,cIT,Chabo,1.8,-0.6000000000000001,9.0
2172,Chabo_L_A_2_4,IT,0,3.6812963485717773,layer4.0,6,0.82114236344116,A,4.0,L,cIT,Chabo,-1.0,-0.2,2.0
2173,Chabo_L_A_3_3,IT,1,3.4011659622192383,layer4.0,6,0.8977415480751951,A,3.0,L,cIT,Chabo,-0.6000000000000001,-0.6000000000000001,3.0
2174,Chabo_L_A_3_5,IT,2,1.659846305847168,layer4.0,6,0.8403810182833367,A,5.0,L,aIT,Chabo,-0.6000000000000001,0.2,3.0
2175,Chabo_L_A_4_0,IT,3,0.886062502861023,layer4.0,6,0.7198443732970943,A,0.0,L,cIT,Chabo,-0.2,-1.8,4.0
2176,Chabo_L_A_4_1,IT,4,0.8594349026679993,layer4.0,6,0.7114029575704162,A,1.0,L,cIT,Chabo,-0.2,-1.4000000000000001,4.0
2177,Chabo_L_A_4_2,IT,5,0.7208946347236633,layer4.0,6,0.6748512974329134,A,2.0,L,cIT,Chabo,-0.2,-1.0,4.0
2178,Chabo_L_A_4_3,IT,6,0.6090772747993469,layer4.0,6,0.7482111883935008,A,3.0,L,cIT,Chabo,-0.2,-0.6000000000000001,4.0
2179,Chabo_L_A_4_4,IT,7,0.544077455997467,layer4.0,6,0.7118273086269036,A,4.0,L,cIT,Chabo,-0.2,-0.2,4.0
2180,Chabo_L_A_4_5,IT,8,0.4565798044204712,layer4.0,6,0.5532730456794439,A,5.0,L,aIT,Chabo,-0.2,0.2,4.0
2181,Chabo_L_A_4_6,IT,9,0.42317721247673035,layer4.0,6,0.5456944678544255,A,6.0,L,aIT,Chabo,-0.2,0.6000000000000001,4.0
2182,Chabo_L_A_5_2,IT,10,0.3812921643257141,layer4.0,6,0.5458767906977438,A,2.0,L,cIT,Chabo,0.2,-1.0,5.0
2183,Chabo_L_A_5_3,IT,11,0.3442783057689667,layer4.0,6,0.5853637216542216,A,3.0,L,cIT,Chabo,0.2,-0.6000000000000001,5.0
2184,Chabo_L_A_5_5,IT,12,0.32809802889823914,layer4.0,6,0.6274859149636907,A,5.0,L,aIT,Chabo,0.2,0.2,5.0
2185,Chabo_L_A_6_0,IT,13,0.29826509952545166,layer4.0,6,0.4189820371706562,A,0.0,L,cIT,Chabo,0.6000000000000001,-1.8,6.0
2186,Chabo_L_A_6_1,IT,14,0.27354103326797485,layer4.0,6,0.5399413289664547,A,1.0,L,cIT,Chabo,0.6000000000000001,-1.4000000000000001,6.0
2187,Chabo_L_A_6_2,IT,15,0.25467604398727417,layer4.0,6,0.42063507705183634,A,2.0,L,cIT,Chabo,0.6000000000000001,-1.0,6.0
2188,Chabo_L_A_6_3,IT,16,0.23339621722698212,layer4.0,6,0.44848035892894256,A,3.0,L,cIT,Chabo,0.6000000000000001,-0.6000000000000001,6.0
2189,Chabo_L_A_6_4,IT,17,0.2312329262495041,layer4.0,6,0.40648520861438764,A,4.0,L,cIT,Chabo,0.6000000000000001,-0.2,6.0
2190,Chabo_L_A_6_5,IT,18,0.21220755577087402,layer4.0,6,0.4283530503810682,A,5.0,L,aIT,Chabo,0.6000000000000001,0.2,6.0
2191,Chabo_L_A_6_6,IT,19,0.20158156752586365,layer4.0,6,0.4103524604637763,A,6.0,L,aIT,Chabo,0.6000000000000001,0.6000000000000001,6.0
2192,Chabo_L_A_7_1,IT,20,0.18825098872184753,layer4.0,6,0.2341567027910262,A,1.0,L,cIT,Chabo,1.0,-1.4000000000000001,7.0
2193,Chabo_L_A_7_2,IT,21,0.1796884983778,layer4.0,6,0.39675062814130024,A,2.0,L,cIT,Chabo,1.0,-1.0,7.0
2194,Chabo_L_A_7_3,IT,22,0.1678178757429123,layer4.0,6,0.2924496638286367,A,3.0,L,cIT,Chabo,1.0,-0.6000000000000001,7.0
2195,Chabo_L_A_7_4,IT,23,0.15748971700668335,layer4.0,6,0.294142207646838,A,4.0,L,cIT,Chabo,1.0,-0.2,7.0
2196,Chabo_L_A_7_7,IT,24,0.14034046232700348,layer4.0,6,0.3468635426699904,A,7.0,L,aIT,Chabo,1.0,1.0,7.0
2197,Chabo_L_A_8_5,IT,25,0.12072154879570007,layer4.0,6,0.28169991265326655,A,5.0,L,aIT,Chabo,1.4000000000000001,0.2,8.0
2198,Chabo_L_A_9_3,IT,26,0.10360349714756012,layer4.0,6,0.12007020827275831,A,3.0,L,cIT,Chabo,1.8,-0.6000000000000001,9.0
2199,Chabo_L_A_2_4,IT,0,3.6812963485717773,layer4.0,7,0.8135060862489211,A,4.0,L,cIT,Chabo,-1.0,-0.2,2.0
2200,Chabo_L_A_3_3,IT,1,3.4011659622192383,layer4.0,7,0.908066352356147,A,3.0,L,cIT,Chabo,-0.6000000000000001,-0.6000000000000001,3.0
2201,Chabo_L_A_3_5,IT,2,1.659846305847168,layer4.0,7,0.828473088431749,A,5.0,L,aIT,Chabo,-0.6000000000000001,0.2,3.0
2202,Chabo_L_A_4_0,IT,3,0.886062502861023,layer4.0,7,0.7488230986768735,A,0.0,L,cIT,Chabo,-0.2,-1.8,4.0
2203,Chabo_L_A_4_1,IT,4,0.8594349026679993,layer4.0,7,0.658132483488463,A,1.0,L,cIT,Chabo,-0.2,-1.4000000000000001,4.0
2204,Chabo_L_A_4_2,IT,5,0.7208946347236633,layer4.0,7,0.6551397581934282,A,2.0,L,cIT,Chabo,-0.2,-1.0,4.0
2205,Chabo_L_A_4_3,IT,6,0.6090772747993469,layer4.0,7,0.7038858352116071,A,3.0,L,cIT,Chabo,-0.2,-0.6000000000000001,4.0
2206,Chabo_L_A_4_4,IT,7,0.544077455997467,layer4.0,7,0.6473710111764844,A,4.0,L,cIT,Chabo,-0.2,-0.2,4.0
2207,Chabo_L_A_4_5,IT,8,0.4565798044204712,layer4.0,7,0.5475407212438673,A,5.0,L,aIT,Chabo,-0.2,0.2,4.0
2208,Chabo_L_A_4_6,IT,9,0.42317721247673035,layer4.0,7,0.542282676822766,A,6.0,L,aIT,Chabo,-0.2,0.6000000000000001,4.0
2209,Chabo_L_A_5_2,IT,10,0.3812921643257141,layer4.0,7,0.48283792262396763,A,2.0,L,cIT,Chabo,0.2,-1.0,5.0
2210,Chabo_L_A_5_3,IT,11,0.3442783057689667,layer4.0,7,0.6126995814053223,A,3.0,L,cIT,Chabo,0.2,-0.6000000000000001,5.0
2211,Chabo_L_A_5_5,IT,12,0.32809802889823914,layer4.0,7,0.6506483437060099,A,5.0,L,aIT,Chabo,0.2,0.2,5.0
2212,Chabo_L_A_6_0,IT,13,0.29826509952545166,layer4.0,7,0.34180206975591293,A,0.0,L,cIT,Chabo,0.6000000000000001,-1.8,6.0
2213,Chabo_L_A_6_1,IT,14,0.27354103326797485,layer4.0,7,0.43473426428774337,A,1.0,L,cIT,Chabo,0.6000000000000001,-1.4000000000000001,6.0
2214,Chabo_L_A_6_2,IT,15,0.25467604398727417,layer4.0,7,0.4310851531888922,A,2.0,L,cIT,Chabo,0.6000000000000001,-1.0,6.0
2215,Chabo_L_A_6_3,IT,16,0.23339621722698212,layer4.0,7,0.4050205947379848,A,3.0,L,cIT,Chabo,0.6000000000000001,-0.6000000000000001,6.0
2216,Chabo_L_A_6_4,IT,17,0.2312329262495041,layer4.0,7,0.48101593546037863,A,4.0,L,cIT,Chabo,0.6000000000000001,-0.2,6.0
2217,Chabo_L_A_6_5,IT,18,0.21220755577087402,layer4.0,7,0.4859055127858345,A,5.0,L,aIT,Chabo,0.6000000000000001,0.2,6.0
2218,Chabo_L_A_6_6,IT,19,0.20158156752586365,layer4.0,7,0.2994604648203587,A,6.0,L,aIT,Chabo,0.6000000000000001,0.6000000000000001,6.0
2219,Chabo_L_A_7_1,IT,20,0.18825098872184753,layer4.0,7,0.26607625970045146,A,1.0,L,cIT,Chabo,1.0,-1.4000000000000001,7.0
2220,Chabo_L_A_7_2,IT,21,0.1796884983778,layer4.0,7,0.3607264080675249,A,2.0,L,cIT,Chabo,1.0,-1.0,7.0
2221,Chabo_L_A_7_3,IT,22,0.1678178757429123,layer4.0,7,0.18318475004117465,A,3.0,L,cIT,Chabo,1.0,-0.6000000000000001,7.0
2222,Chabo_L_A_7_4,IT,23,0.15748971700668335,layer4.0,7,0.2400551291874131,A,4.0,L,cIT,Chabo,1.0,-0.2,7.0
2223,Chabo_L_A_7_7,IT,24,0.14034046232700348,layer4.0,7,0.2916722756041848,A,7.0,L,aIT,Chabo,1.0,1.0,7.0
2224,Chabo_L_A_8_5,IT,25,0.12072154879570007,layer4.0,7,0.31183004112227897,A,5.0,L,aIT,Chabo,1.4000000000000001,0.2,8.0
2225,Chabo_L_A_9_3,IT,26,0.10360349714756012,layer4.0,7,0.18586190975628278,A,3.0,L,cIT,Chabo,1.8,-0.6000000000000001,9.0
2226,Chabo_L_A_2_4,IT,0,3.6812963485717773,layer4.0,8,0.7925817686441148,A,4.0,L,cIT,Chabo,-1.0,-0.2,2.0
2227,Chabo_L_A_3_3,IT,1,3.4011659622192383,layer4.0,8,0.8884601199188323,A,3.0,L,cIT,Chabo,-0.6000000000000001,-0.6000000000000001,3.0
2228,Chabo_L_A_3_5,IT,2,1.659846305847168,layer4.0,8,0.8615634034137054,A,5.0,L,aIT,Chabo,-0.6000000000000001,0.2,3.0
2229,Chabo_L_A_4_0,IT,3,0.886062502861023,layer4.0,8,0.7095466467727514,A,0.0,L,cIT,Chabo,-0.2,-1.8,4.0
2230,Chabo_L_A_4_1,IT,4,0.8594349026679993,layer4.0,8,0.6855516333778733,A,1.0,L,cIT,Chabo,-0.2,-1.4000000000000001,4.0
2231,Chabo_L_A_4_2,IT,5,0.7208946347236633,layer4.0,8,0.6707648208313851,A,2.0,L,cIT,Chabo,-0.2,-1.0,4.0
2232,Chabo_L_A_4_3,IT,6,0.6090772747993469,layer4.0,8,0.7188479914695759,A,3.0,L,cIT,Chabo,-0.2,-0.6000000000000001,4.0
2233,Chabo_L_A_4_4,IT,7,0.544077455997467,layer4.0,8,0.6550043817779316,A,4.0,L,cIT,Chabo,-0.2,-0.2,4.0
2234,Chabo_L_A_4_5,IT,8,0.4565798044204712,layer4.0,8,0.6547018907376195,A,5.0,L,aIT,Chabo,-0.2,0.2,4.0
2235,Chabo_L_A_4_6,IT,9,0.42317721247673035,layer4.0,8,0.5720452018636558,A,6.0,L,aIT,Chabo,-0.2,0.6000000000000001,4.0
2236,Chabo_L_A_5_2,IT,10,0.3812921643257141,layer4.0,8,0.5607366032773662,A,2.0,L,cIT,Chabo,0.2,-1.0,5.0
2237,Chabo_L_A_5_3,IT,11,0.3442783057689667,layer4.0,8,0.5658075390141624,A,3.0,L,cIT,Chabo,0.2,-0.6000000000000001,5.0
2238,Chabo_L_A_5_5,IT,12,0.32809802889823914,layer4.0,8,0.6170355124853616,A,5.0,L,aIT,Chabo,0.2,0.2,5.0
2239,Chabo_L_A_6_0,IT,13,0.29826509952545166,layer4.0,8,0.3810549893993995,A,0.0,L,cIT,Chabo,0.6000000000000001,-1.8,6.0
2240,Chabo_L_A_6_1,IT,14,0.27354103326797485,layer4.0,8,0.4486140676579029,A,1.0,L,cIT,Chabo,0.6000000000000001,-1.4000000000000001,6.0
2241,Chabo_L_A_6_2,IT,15,0.25467604398727417,layer4.0,8,0.470329409909296,A,2.0,L,cIT,Chabo,0.6000000000000001,-1.0,6.0
2242,Chabo_L_A_6_3,IT,16,0.23339621722698212,layer4.0,8,0.37561871880781117,A,3.0,L,cIT,Chabo,0.6000000000000001,-0.6000000000000001,6.0
2243,Chabo_L_A_6_4,IT,17,0.2312329262495041,layer4.0,8,0.42635305422330444,A,4.0,L,cIT,Chabo,0.6000000000000001,-0.2,6.0
2244,Chabo_L_A_6_5,IT,18,0.21220755577087402,layer4.0,8,0.5081870038927845,A,5.0,L,aIT,Chabo,0.6000000000000001,0.2,6.0
2245,Chabo_L_A_6_6,IT,19,0.20158156752586365,layer4.0,8,0.33667077847951943,A,6.0,L,aIT,Chabo,0.6000000000000001,0.6000000000000001,6.0
2246,Chabo_L_A_7_1,IT,20,0.18825098872184753,layer4.0,8,0.3284684566754912,A,1.0,L,cIT,Chabo,1.0,-1.4000000000000001,7.0
2247,Chabo_L_A_7_2,IT,21,0.1796884983778,layer4.0,8,0.42506259507106475,A,2.0,L,cIT,Chabo,1.0,-1.0,7.0
2248,Chabo_L_A_7_3,IT,22,0.1678178757429123,layer4.0,8,0.3695709956755986,A,3.0,L,cIT,Chabo,1.0,-0.6000000000000001,7.0
2249,Chabo_L_A_7_4,IT,23,0.15748971700668335,layer4.0,8,0.25898584346604214,A,4.0,L,cIT,Chabo,1.0,-0.2,7.0
2250,Chabo_L_A_7_7,IT,24,0.14034046232700348,layer4.0,8,0.28260519379420906,A,7.0,L,aIT,Chabo,1.0,1.0,7.0
2251,Chabo_L_A_8_5,IT,25,0.12072154879570007,layer4.0,8,0.15731448783837132,A,5.0,L,aIT,Chabo,1.4000000000000001,0.2,8.0
2252,Chabo_L_A_9_3,IT,26,0.10360349714756012,layer4.0,8,0.22851985894592788,A,3.0,L,cIT,Chabo,1.8,-0.6000000000000001,9.0
2253,Chabo_L_A_2_4,IT,0,3.6812963485717773,layer4.0,9,0.8122447960194858,A,4.0,L,cIT,Chabo,-1.0,-0.2,2.0
2254,Chabo_L_A_3_3,IT,1,3.4011659622192383,layer4.0,9,0.9120613683813323,A,3.0,L,cIT,Chabo,-0.6000000000000001,-0.6000000000000001,3.0
2255,Chabo_L_A_3_5,IT,2,1.659846305847168,layer4.0,9,0.8691913045366715,A,5.0,L,aIT,Chabo,-0.6000000000000001,0.2,3.0
2256,Chabo_L_A_4_0,IT,3,0.886062502861023,layer4.0,9,0.7637355759501965,A,0.0,L,cIT,Chabo,-0.2,-1.8,4.0
2257,Chabo_L_A_4_1,IT,4,0.8594349026679993,layer4.0,9,0.6629382660924511,A,1.0,L,cIT,Chabo,-0.2,-1.4000000000000001,4.0
2258,Chabo_L_A_4_2,IT,5,0.7208946347236633,layer4.0,9,0.7123127841855722,A,2.0,L,cIT,Chabo,-0.2,-1.0,4.0
2259,Chabo_L_A_4_3,IT,6,0.6090772747993469,layer4.0,9,0.7411879101067049,A,3.0,L,cIT,Chabo,-0.2,-0.6000000000000001,4.0
2260,Chabo_L_A_4_4,IT,7,0.544077455997467,layer4.0,9,0.7298363873050329,A,4.0,L,cIT,Chabo,-0.2,-0.2,4.0
2261,Chabo_L_A_4_5,IT,8,0.4565798044204712,layer4.0,9,0.5674763108772074,A,5.0,L,aIT,Chabo,-0.2,0.2,4.0
2262,Chabo_L_A_4_6,IT,9,0.42317721247673035,layer4.0,9,0.555248175450975,A,6.0,L,aIT,Chabo,-0.2,0.6000000000000001,4.0
2263,Chabo_L_A_5_2,IT,10,0.3812921643257141,layer4.0,9,0.5060423735235569,A,2.0,L,cIT,Chabo,0.2,-1.0,5.0
2264,Chabo_L_A_5_3,IT,11,0.3442783057689667,layer4.0,9,0.6009453425181897,A,3.0,L,cIT,Chabo,0.2,-0.6000000000000001,5.0
2265,Chabo_L_A_5_5,IT,12,0.32809802889823914,layer4.0,9,0.674645605849185,A,5.0,L,aIT,Chabo,0.2,0.2,5.0
2266,Chabo_L_A_6_0,IT,13,0.29826509952545166,layer4.0,9,0.3645580980973711,A,0.0,L,cIT,Chabo,0.6000000000000001,-1.8,6.0
2267,Chabo_L_A_6_1,IT,14,0.27354103326797485,layer4.0,9,0.5251340549243048,A,1.0,L,cIT,Chabo,0.6000000000000001,-1.4000000000000001,6.0
2268,Chabo_L_A_6_2,IT,15,0.25467604398727417,layer4.0,9,0.37917539430301395,A,2.0,L,cIT,Chabo,0.6000000000000001,-1.0,6.0
2269,Chabo_L_A_6_3,IT,16,0.23339621722698212,layer4.0,9,0.5018955910679062,A,3.0,L,cIT,Chabo,0.6000000000000001,-0.6000000000000001,6.0
2270,Chabo_L_A_6_4,IT,17,0.2312329262495041,layer4.0,9,0.3885468807575444,A,4.0,L,cIT,Chabo,0.6000000000000001,-0.2,6.0
2271,Chabo_L_A_6_5,IT,18,0.21220755577087402,layer4.0,9,0.41025137515193044,A,5.0,L,aIT,Chabo,0.6000000000000001,0.2,6.0
2272,Chabo_L_A_6_6,IT,19,0.20158156752586365,layer4.0,9,0.2709966147469268,A,6.0,L,aIT,Chabo,0.6000000000000001,0.6000000000000001,6.0
2273,Chabo_L_A_7_1,IT,20,0.18825098872184753,layer4.0,9,0.23992061837499393,A,1.0,L,cIT,Chabo,1.0,-1.4000000000000001,7.0
2274,Chabo_L_A_7_2,IT,21,0.1796884983778,layer4.0,9,0.386924419527494,A,2.0,L,cIT,Chabo,1.0,-1.0,7.0
2275,Chabo_L_A_7_3,IT,22,0.1678178757429123,layer4.0,9,0.35768370936456684,A,3.0,L,cIT,Chabo,1.0,-0.6000000000000001,7.0
2276,Chabo_L_A_7_4,IT,23,0.15748971700668335,layer4.0,9,0.37697563190239625,A,4.0,L,cIT,Chabo,1.0,-0.2,7.0
2277,Chabo_L_A_7_7,IT,24,0.14034046232700348,layer4.0,9,0.34323493696653334,A,7.0,L,aIT,Chabo,1.0,1.0,7.0
2278,Chabo_L_A_8_5,IT,25,0.12072154879570007,layer4.0,9,0.20175357901367738,A,5.0,L,aIT,Chabo,1.4000000000000001,0.2,8.0
2279,Chabo_L_A_9_3,IT,26,0.10360349714756012,layer4.0,9,0.23893630863660936,A,3.0,L,cIT,Chabo,1.8,-0.6000000000000001,9.0
